41.154704425544885
33.99237800328896
47.249903835129416
42.344443279393076
48.97208712401637
45.84507212878255
50.22488215753278
47.706624365929926
51.42881838657789
49.028856245852594
40.43608604683742
32.69416692705106
46.859080364965756
41.67398929792462
48.95757376571379
45.35740784745026
50.13296855227971
47.363258206543215
51.23159281088767
48.892072683301635
40.112835437070636
32.96170004035994
46.43992296253352
41.32862487266016
49.184868714420446
45.00380738550762
51.18576453987942
47.256565030498024
52.93547736284305
48.948313037185464
40.184770523016496
32.586603763218534
46.669650367986634
41.29175907223308
47.844954550603006
45.212245445499086
48.07633574519345
47.08164858088034
48.31691124746161
48.21229101826143
39.86070752412475
32.141560349416785
46.71868656124065
41.04913269988463
49.2671672854201
44.93040624709044
51.16013700611318
47.29022023208862
52.4626197555073
49.0937872068472
40.12298137922752
32.74665413947234
46.17285579977918
41.07756436465749
47.57307104601563
44.49696690494926
48.6177728796858
46.125245767836695
49.34463735478778
47.11777951182937
34.704768661679765
26.81428736709831
42.53482574088866
36.177970380565746
46.09083970790032
40.538721661424795
48.20795373722153
43.480220086255486
49.60246292887249
45.836315234862646
32.63868968199499
25.887068706662188
39.131084751930956
33.796552948748484
41.26108955300054
37.582149124788245
42.69544415198803
39.80492990543109
43.68372624413406
41.040089666520196
40.34847956875184
32.59055593029658
47.17619999548249
41.50241976548102
49.098600856905406
45.824410987146145
50.91570855129004
47.671214931637685
52.036382746213604
49.14573965415112
37.25955161974893
30.979796166529596
44.0644516371106
37.96154983562884
47.69375377104538
42.15748776011664
49.40489127142863
44.701434006177706
50.170184177323186
46.75356406312922
36.70156195392126
30.11525161319578
44.03696742591144
37.4231854299074
47.65875217207248
42.018169854521126
49.31977290188434
44.7193087749222
49.648352397134474
46.97930233894061
31.69342107308941
25.93639383889372
38.13788591675451
32.377167356391155
41.69246988176594
36.3641130572857
43.71032825611116
38.62632211393211
44.852002865101696
40.821646095068054
33.46611323203111
26.92013167442816
40.7507883757929
33.987436188819196
44.675071393998635
38.5147558049004
46.50026738656343
41.209548432698696
47.49110065070224
43.53417740974336
35.54379478799824
29.078203704278593
42.89262004708305
35.9956723444195
47.132683358801316
40.59955658761375
49.18146319240043
43.21947713608577
49.883484966551315
45.84389842569533
31.622379940074442
25.824257804485885
38.18135599489717
32.48029779409401
41.96343174028683
36.55331960493091
43.98394151458357
39.2904312752092
45.38342912805939
41.515613768531935
26.37844396288177
21.58726345966182
31.74114057284807
26.836000172140295
34.74602961524534
30.19530461089547
36.225661203492685
32.00807980276586
36.80445485363788
33.73229013706867
36.14901279495587
29.66454271440978
43.578311564581206
36.617491300444925
47.637997909777766
41.27779785411738
49.56784923090367
44.02150390945637
50.20881944500297
46.006754012164485
28.388993757639458
22.12255967303143
34.62989490159325
28.327870313906057
38.008564177608164
31.871732622529304
39.94238196986264
34.13036167422917
40.63098006660601
36.10094605104363
64.65030663373483
59.0512238884519
69.92648935448236
65.385058874596
73.14105896499306
68.62559443448532
75.40731285266345
70.9211045684469
77.2255446497536
72.60440658249024
59.66627715857678
53.676060422082195
65.61428003682781
60.208454480831804
69.37261085094823
63.75634448400582
72.01513110491189
66.46264677819573
73.8905332039954
68.55016124851049
61.26712559944494
55.27903371066852
67.07046748480505
62.26681843121573
70.44149302723677
65.71747895464968
72.93373529370875
68.2556621685373
74.82142641927508
70.17417819011345
61.949262365383525
55.95166417796924
67.70483885573289
62.80687842698636
70.86818704256244
66.15106064027046
72.9345570861321
68.48530423772475
74.4183694397481
70.00535187174737
54.53643807248398
48.94994005139552
59.642829429746236
55.18274771044012
62.85900916045344
58.209123089238915
65.12147869143399
60.39271345274678
66.8593065164274
62.001093176617076
55.8908169484837
50.10678378876641
61.258780932546884
56.16875499237229
64.64997053289207
59.41865653180236
67.2310073639984
61.638468842399405
69.40948966839639
63.303627500954285
62.37263799542176
56.65951633704074
67.76926192848902
63.16425333259153
71.17332957877915
66.48771389653189
73.48098866394037
68.97086926847776
75.21014465161397
70.74310132250578
54.53101200242434
48.405253861897236
59.974298079406154
55.213953864233154
63.20082180893395
58.52941696867844
65.22472931805451
60.79380882458286
66.7909544398843
62.48988633472595
58.992886762445295
53.201414602727404
63.89086735701084
59.48197517720143
66.85113078665627
62.340565473073006
68.50936407015612
64.45310211709905
69.96910926804975
65.89762370809672
41.15681438904549
33.99257752856302
47.25253194391259
42.34610601781515
48.981558008478196
45.847994344665
50.232619708852944
47.70776243573549
51.43317322725063
49.038054499173334
39.574525195933184
32.10310009483748
46.162671763762035
40.94575799063922
48.08115476660664
44.85557778994149
49.08857238700327
46.894470395153064
49.811957994156764
48.35077267081574
36.97385245761775
29.481449688060422
43.21504653714997
37.98756902048955
45.28104685274656
41.75774214402348
46.54407437086261
43.792310704432765
47.51058384087585
45.37712942976625
36.80940318931691
29.175005744755623
43.99489287261722
38.33233460578004
46.675987231604076
42.56911820995487
48.619499111315044
44.962646103262394
49.99882284358969
46.77771218777757
38.407003115784576
30.561134057566274
45.74831591955382
39.89709506114739
48.08994269733206
44.15582316816275
49.64017175383809
46.4298543279101
50.61947119108484
48.20100722351852
34.1153753437612
26.146191489456672
41.59798921092312
35.65070887346283
44.210166881757694
39.92283792064918
45.85803791482193
42.30538955246879
47.06686482013086
44.00224547539885
40.0370424742851
33.53143336297579
46.101025175425946
41.440635812479464
48.007804690052524
44.99213126941471
49.593391827199994
46.68874656686582
50.573646608265285
47.85657924976916
40.66960815361234
32.743395996360434
47.424981861140935
41.98793976884089
48.81913759440539
46.028111659850424
49.78307874880377
47.979486156483674
50.93186165918425
49.119934343676185
39.36938688961792
31.91157192277332
46.67432108714341
40.68807118678106
48.86410241632132
45.013004552689075
50.26030108295589
47.620747180346335
51.604450490306554
49.360624872275125
37.25649554027164
30.97693592552976
44.05729339412626
37.96075748823052
47.68605065340391
42.15531119423333
49.39371867335248
44.69362203437469
50.16754050906253
46.73837393176997
36.54494611115676
30.210127903727646
43.50956346579451
37.240581569769105
47.26717004793025
41.594525504760924
49.23486774290342
44.13823261892777
50.09693854696009
46.22410704765547
36.05503848490517
29.998742162396365
42.54981336999389
36.48353713269541
46.06467265180479
40.57382287104314
48.14342276638146
43.031206800227274
49.06138920801464
45.15714471186561
36.85319008632766
30.249562640129678
43.863285672497355
37.432432116789386
47.65964984631209
41.929045059847546
49.42484854112163
44.316164037548155
50.130210886058265
46.37689811721132
36.25771853652166
30.05423412174505
42.77887246868095
36.88489948916261
46.476458071919716
40.93973526039699
48.48654593510743
43.308408052881916
49.075161841969205
45.734202556293226
36.605442693821274
29.762850860920086
43.90684591521943
37.195520067319684
47.68339364309077
41.902875322981316
49.60933114373012
44.5094117883059
50.45922181101474
46.558143452999126
35.6286281556607
29.66695511420061
42.82785361392551
36.454680913058176
46.897867554497175
40.88437666728007
49.53134293251983
43.37423080569114
50.94519822094428
45.591577262493956
36.676819646658544
29.34863594740269
44.406504271903366
36.97162985797119
48.27449665229789
42.01619334124067
50.043350074090796
44.70521316857183
50.940067655900265
47.05234181742232
36.088034666091595
29.62544231336993
42.86126232332743
36.69888257288125
46.59527612966253
40.93053621987095
48.625212559444094
43.04000482757798
49.19519959486849
45.059639639971635
58.51880505035014
50.74038149914675
66.07581674788435
59.82888572820173
70.19045697271424
64.37866154546562
72.25338422582365
67.36429176204591
74.14342905731394
69.4361227031879
55.935155901282684
47.926821562808456
63.877380100170036
57.19837941503947
68.39405614991702
61.981764127141815
70.63419470898177
65.3275601824834
72.7478513837575
67.75406023918856
54.08217833429403
46.677552193407735
61.364562194939076
55.12475034233682
65.25302132327906
59.257024391208276
67.25118048668821
62.00140987950826
68.90353827316189
63.85979070836998
55.95688502925989
47.79685043731443
63.718322298499494
57.25703297655858
67.76540742193914
61.875009465908825
69.57583275135858
64.9219418047985
71.4324122247638
67.09539102781005
57.500324515018896
49.30519363460186
65.56114814179372
58.82468910525649
69.65657959803555
63.77353869316804
71.66098610666062
66.83273652424911
73.5262354527953
68.76184992890904
56.094659065291495
48.05623044033741
64.09179839945133
57.34464318014734
68.28507657134644
62.05326463771341
70.34981894529967
65.1922852831145
72.30995999318046
67.22539320180476
56.430573507909564
48.51736414638515
64.14158383904574
57.588744692749394
68.15459582037501
62.40399646808748
70.2167284840447
65.36207820425174
72.0662968494357
67.4663206186093
54.365087640824214
46.359245540981256
61.98590662882179
55.390847781367114
65.47355585295446
59.94621016436389
67.21764452507215
62.59736519742465
68.7683188095517
64.1764447842452
48.76891411219142
41.54868295352318
55.594561845823755
49.65326303271769
59.720245150604654
53.58326759518699
61.8893406072892
56.424502401375086
63.788588846264595
58.28473583408859
69.77581883467367
62.174887489483545
76.57257924019761
70.29286755647122
79.97823218013932
74.28412448200683
82.18791250246339
77.0668792610711
83.706342500216
79.10795437508035
68.33126559994065
60.54156201987806
75.33806812022353
68.95468882426385
78.77196943857041
72.94187689831905
80.96367607452903
75.89121029530313
82.51579334715909
77.93563291454504
67.94737343775002
60.07528541594922
75.00542643302146
68.47803936978431
78.47072585489299
72.6475631977501
80.59419850510626
75.72787322290205
82.09371090972203
77.70211723079517
68.3483992995983
60.51916447853847
75.26163430131196
68.95814492450454
78.56274331752134
72.97072211719531
80.46561879509025
75.82265411049877
81.85410457842382
77.68603961663352
67.2656950300637
59.40792112102715
74.67384140732818
68.14773960388875
78.19932658199143
72.40065485532865
80.29263663224431
75.40038904503129
81.53089329269986
77.39808543062585
65.56600095051967
57.5035168147848
72.81542537394984
65.85121653656194
76.07720486840945
69.99010041654947
78.33155270421668
72.89681995062335
79.84659351817325
74.65465230130032
65.60848737534677
57.59743475106129
72.94221748883496
66.24850746878899
77.08747999437153
70.39299098542322
79.88742326153574
73.86763035961495
81.62995702466978
76.33672723618295
67.55959420998637
59.40815421891199
74.69085700351005
68.1612185446271
78.1610961803522
72.31870944410792
80.36485662040344
75.15446957491402
81.77290917692093
77.2648045116501
46.32220155020139
40.08134443089023
52.370449062789795
46.6523872900083
55.52692402619969
50.04243708067507
57.37495989144661
52.45408057386438
58.399874024271405
53.864278729979674
56.130250140027194
48.7668339469795
62.11400129962124
56.21597760448237
65.26996734007209
60.08243237713303
67.54238690964469
62.08847987029571
69.19102365316935
64.22466090995972
54.12805191615767
46.54733021939844
60.74235954964971
54.38975258002687
64.17095541392501
58.40903222249905
66.5860592851633
60.47547557714578
68.35105795695017
62.768129102500644
52.95314799369988
45.476398464111966
59.323379567868706
52.8459578904954
62.40283587724894
56.7303499215276
64.79068352165655
58.84982749968979
66.25744955049979
61.006987286986615
54.14938873477958
46.81806258875153
60.65101227656271
54.28677734664467
64.16567988865364
58.30800623505124
66.4664267263738
60.65648140236557
67.95797011763108
62.79866724389005
53.62247889456443
45.75203160331846
60.85253582227787
53.69960276209527
64.47773073603351
58.17035224795599
66.78048255936308
60.83809237561688
68.24257147798134
63.3428150083288
52.3957703820636
44.73958873749936
58.384803002026175
52.37497594719457
61.53009385519119
56.05854070035199
63.72622037163875
57.91350178828747
65.33543451635242
60.005968007067324
54.18261747944432
46.15459609283241
60.892407235409465
54.31046810824871
64.2142761046647
58.5015593212804
66.8975293751291
60.83148914697184
68.62249122345524
63.15849116292763
52.522051100441914
44.936802830621616
58.42904356394387
52.058546422394855
61.71251802811351
55.594248067427344
64.27565773063273
57.54084202753364
66.24665086572786
59.6063318465077
52.44418492040255
44.985247977691444
59.38510751814371
52.862352516825005
62.86769071607918
57.20905838400012
65.1372855989282
59.77751711839154
66.93119310044806
62.00100736877745
64.31710841026236
56.24250657727461
71.57326610026881
65.05063133955123
74.66387747367736
69.22535982589618
76.56173111463387
72.10748389090789
77.53955453572694
73.75790835560163
62.7823001555305
55.1985840651235
69.97707263845085
63.5486896057576
73.05343446939102
67.65233186632682
74.86271263996633
70.55429215961226
75.7553434792928
72.20944160805155
59.74432482833678
51.22562070369898
67.86190299028509
60.52504474159445
71.76204299700856
65.09021904063563
74.19072565433488
68.38775648046294
75.73825268946231
70.45012594858736
59.46801304808555
51.88852800262005
66.50800283037081
60.120841252850575
69.43264641831118
64.16387963014276
71.15412452375158
66.8325095165127
71.93155387324907
68.44295417318429
61.65080851285758
53.502853703569876
69.06109852995752
62.5894216318734
72.52510720022691
66.77428645209807
74.646588924249
69.85732497907465
75.65038633712902
71.57332176633564
61.80839226367366
53.91281243467366
69.11829670823883
62.57337223283304
72.47360685354084
66.66789509589283
74.5619278608696
69.55492986200642
75.58184840986758
71.25431193252258
63.009844452146865
54.525109658180824
70.83883571736406
63.955960479414344
74.11600773163316
68.42370121148143
75.94749340762034
71.3619840397042
76.77255018807392
73.21765724992888
63.05403625589493
54.386059608126324
70.78154696186283
63.86962706296554
73.97258931451448
68.35231296009532
75.97715761219033
71.1934186830158
77.14123347322422
72.97022495989359
60.605403857192776
53.04977373606403
67.4652488176934
61.1669283851749
70.65081768064559
65.0083715589841
72.5805331385986
67.82706999568744
73.46916440579932
69.50917482525828
66.72583412057429
59.4226678538565
74.06484276533938
67.60430423086977
77.45745826974553
72.09577117546641
79.43260753664127
74.90847541733977
80.71943971290587
76.88929182222518
63.381594540536526
55.66259085601217
71.17962210452673
64.1449633965229
74.70050422171963
68.83805982202449
76.75867403507527
71.80270113222139
78.1125965283007
73.73687389090075
64.51140245781622
56.65765871016043
71.99791808176556
65.03700975614443
75.26828781475963
69.56074314332909
77.24286093109001
72.27619021152604
78.4956504501841
74.14786054091445
62.33348132615689
55.07112428881068
70.08731704752759
63.43636988405843
73.81544710494697
68.10418169541803
76.18219352086724
71.32827706289196
77.94828578689359
73.39681900085819
53.35150409127253
46.20677044357895
60.92310727758261
54.51820131822265
64.88399817403476
59.098896884501514
67.30842113158081
62.15654341004966
68.89839365764759
64.54280809651775
62.110558538516344
55.2566637169169
68.82853242655102
62.535384279262715
72.10414699212346
66.55983718577836
73.9063627593923
69.12561449187169
75.0493065901212
70.94864815018114
60.56779230729832
52.71018638695759
67.94138885659333
60.825468391995344
71.14167557586211
65.20704067853644
73.12520294533687
67.84612871074687
74.23785256417015
69.55833294478776
60.93016966443905
53.289611747617016
68.12093753336681
61.63453395679459
71.2121968262263
65.95843016228109
73.16838678621534
68.56659063249818
74.6576664565144
70.60112404937644
61.00119947397804
52.97556344765455
68.98649475717784
61.66711997372719
72.92086099602545
66.34376183753317
75.44357790700325
69.569704453845
77.04085868211295
71.92624190728571

40.5138288459285
35.520784057987896
45.10988019972765
41.82880021277352
48.728951938622544
44.87146823687297
50.00640190043413
47.27553352311135
53.38566153698321
50.36707197087613
26.562029258836283
22.6939389887714
29.151930756667987
26.392821825909728
32.47771777088009
28.35772539611834
33.766642093983556
30.764088837300164
36.15323550188108
33.243234857908824
37.386365871781415
34.30606941362719
40.348162605601345
38.57336376318572
42.85397319379746
40.64986655575158
43.20998540701264
42.8706830205082
45.370938663358885
45.21084966029092
37.892426387412236
33.49148372659057
41.00851095811938
38.613935937837574
43.49988427509628
41.05239985934537
44.1432132569935
43.02710665873541
46.41075701848754
45.42215777905469
30.173279210055682
27.163329554381242
33.53246515701712
31.878062706628675
36.62354455370931
34.28943240467221
37.61722084339932
36.798554489517976
42.24157944159897
39.25136950690937
36.82946218022205
33.22194119750228
40.38605368932258
38.24226807408342
42.67731971134825
40.90207558210346
44.606624397218276
43.24064806945259
47.79354246462854
45.69567729017779
33.63156764384435
28.96998659982958
37.17535024924795
33.284547061994
40.60594287555167
34.8024882461126
41.15142859210133
36.91704731481894
44.44419485565714
39.70682382887748
33.78710152020585
29.41311713341477
36.262916286635075
33.97656619125134
39.41850885724811
35.74837080731814
41.712128792205746
37.22093182896842
46.54120388072527
39.660348296922585
34.65590753667917
30.684747578147476
37.651714738161715
35.26266948530535
39.86161976517402
36.92069478463274
40.82110868108168
38.39220031784628
43.67441720340652
41.4029537193448
66.99040535264135
58.66302987099571
74.71220216455411
67.90345813341567
78.38614681543324
72.69652786465066
80.22445569965444
75.5435885525674
81.24673611214645
77.48809880813123
64.37689759120947
55.219322481639274
72.57366203368754
65.44415185190424
76.40399597356802
70.48397214483794
78.25023003144244
73.7439356490864
79.23919325843387
75.7414173394942
60.58370846024748
52.148905956745864
68.0768028390824
60.922292938824874
72.30705021617547
65.28073578046188
74.80206588653802
68.01899887387134
76.17022982620675
70.01954855677461
65.06296266672143
56.625353457915416
72.4547209767056
65.71631371772504
76.33470155975843
70.38902995229763
78.23033478281774
73.44422612257976
79.44003051578365
75.59580605310559
63.98294486036351
55.3640450605188
71.71700776935246
64.49641029706093
75.3350353978017
69.19062949378345
77.24533805091696
72.02803352914131
78.32068656412669
73.8772286890489
59.43660933779512
50.53421344472184
68.07120784529693
60.55790388806659
72.36943749867406
65.77190507792533
74.43923883682653
69.12897731869478
75.3826238325341
71.24719750631421
61.78142789632197
53.25777173132944
68.86475042160704
62.04333936473414
72.0905316684522
66.33164412056838
73.67923379333243
68.79674073656652
74.51619266828521
70.54214025767894
63.451295853743005
54.1775787441751
72.0977356366698
64.45268689102315
75.90348886783569
69.8948037158994
77.9401087365097
72.97091976519489
78.83723824711001
75.01710507900921
63.51250447800037
54.546108235299904
71.89092107309344
64.41480850249204
75.92682155719869
69.64283231391197
78.20847361448267
72.79231558248141
79.1464758076581
74.83243397236072
39.44913056076344
32.92426460522392
44.582836633815624
39.81151767647454
46.340742600980256
43.014928912293804
48.56460077142653
44.84316450389848
50.25284778955281
45.732669826394556
34.99390039549949
28.88351080164535
39.70598812535061
35.19553444275149
41.401410565199825
38.221475071605795
43.135445594960274
40.00581329944089
45.005133764558394
41.22347971033523
40.46284438594512
33.97113676254134
45.486564620250945
40.856582947757566
46.88517302964657
43.72553486014693
49.00987590016334
45.80956342152075
51.424066659798115
46.37372067824149
39.49471548730514
33.01890118071884
44.58761035920122
39.49053656144073
46.64610469373378
43.01091497581656
48.7442232482867
45.13793455901951
51.24896818714299
46.38587505144868
24.40973907673828
19.77008285199893
27.752696240936856
25.202773353481568
28.787668372412146
26.93840065841423
30.93007916772651
28.04862911154461
33.10205685400231
28.12143439866499
32.08091567174207
26.06131855340089
37.42220965433377
32.54862192869762
39.72921815921096
35.66683482239319
41.63277802038024
37.83613592696051
43.48315218384592
38.90168881299044
39.063865957331934
32.98135060024967
44.5931634001822
40.402542141124755
46.3706874342092
43.24871147328599
48.7484044790611
45.360913706922936
50.29924667994552
46.540086655434386
37.16181166982824
30.736734325675428
43.07324523645103
38.23686074571001
44.73240137712475
41.664555279742
47.65188942864792
43.48962381987875
50.041836777259704
44.658722505755065
37.85939727694871
31.71336168903558
43.09674293416394
38.63136754933733
45.46311449771693
41.90755689054579
47.819290187920785
43.86115116198172
49.88267849877575
44.92619113058568
70.84392406419116
63.70085821480526
76.49843518586374
71.08040738098701
79.29012687863026
74.35551649999543
80.83618210496726
76.5854897918431
81.43558193799466
78.20370770655246
69.37050273872846
62.14670780119484
75.0818477404914
69.46847286139688
78.17146650111097
72.87590080899362
79.90229073839356
75.22165284325042
80.4627815311279
77.03660143772592
58.14085142737573
51.61038185385512
62.89348214344601
57.67318775310102
65.38962297346205
60.30915024691497
66.47630001173665
61.906831793777805
67.00025157183515
63.02241759761913
68.80070485344588
61.32444108764764
75.03501818552564
69.32033213835369
77.87040370819335
72.99873452119544
79.39820525859504
75.36533027983123
80.06978710426712
76.9870983583603
56.44854806031325
49.908146598959846
62.219777789852095
56.71616865637821
65.31146889663584
60.021710442458875
66.88575503028025
62.24050236075067
67.44787720326076
63.845913898329144
70.03270930349694
62.23653965975742
76.02801883309206
70.15012835898126
78.86933672242242
73.71420331335258
80.35685479950921
75.98523103400426
81.03192905520832
77.67226570928821
64.73119449471241
57.299955229494024
71.02851358014551
64.71356616827681
73.88242495728754
68.24584805508695
75.59883085827856
70.3938555841447
76.56656208199901
71.94403343753027
68.6397171688241
61.46831922463398
74.41170797917319
68.7347999083057
77.36682575307141
72.20701843952384
79.14150178004593
74.66556878531014
80.01917528395904
76.52615093634456
68.0521956164091
60.87687660165923
73.91976187328608
68.27435747337019
76.78467971685059
71.6020536223123
78.17124970100608
73.65964799598221
78.8901892078822
75.29859479853542

61.4859062684254
53.54883550380127
69.34141665207379
62.27657466133573
73.44715575369437
66.90564131115907
75.78039075649001
70.12700367250582
77.23808781207013
72.67252820067563
61.45933221348072
54.00735317303537
68.499760857619
62.09425452314132
72.19806341792288
66.43917756725916
74.40905137433198
69.3272287610581
75.76411125559365
71.64462069939428
59.74744349304131
52.18203681090961
66.75597098991103
60.231660618206284
70.4251441807951
64.29089744500286
73.02610289670187
67.09578434985471
74.71270053347668
69.59576022686717
58.768597147608446
50.52269533666367
66.10673697507241
59.17383386941377
69.43739924742383
63.57783348629502
71.4734714487929
66.30725487020581
72.63520480135794
68.38232417808794
53.10407219184863
45.58176030266029
59.94286180639592
53.31696783214904
63.635972037899016
57.125707727492134
65.57893338745711
59.81607005516144
66.58671121281922
61.80669799903189
60.007678268213674
51.51749203084991
67.08519346412125
60.28604270540079
70.75030385495731
64.47327585012002
72.96477843059564
67.31384134178617
74.26137748197512
69.48208618809441
58.19109203396393
49.80694386091034
66.2791708978364
58.87352948564442
70.3908105778545
63.41235487683458
72.74854448647343
66.56153995934643
74.08365440406135
69.16155902783639
57.225241998066444
48.94736235858998
65.06055590788824
57.71424671203993
69.39923439093451
62.33320977450892
71.6644229241937
65.41964839123364
73.01419437108672
68.11094712200352
59.14590910247761
50.295777627358405
66.77981592419945
59.65040249281035
70.75277792685307
64.17353565200096
73.4759073301782
67.51955549599882
74.47456094463253
69.71984330747809
55.82393986870615
48.126123694127784
63.22525474070579
56.83974358348834
66.01699740445159
61.627274587175826
68.12975515895336
64.2054311437696
69.62943207500976
66.36650680593513
52.75088929591447
45.482687415737765
60.50897366476384
53.96243141494441
63.73435336829512
58.931842270374325
66.0071237315786
61.9148651107432
67.56422960957653
64.17557390581555
53.4734387642732
45.608918238468696
60.99109882617859
54.35492004591108
63.91317179802003
59.06482816836574
66.13087259872857
61.78583053982018
67.77828384586124
63.883335279490375
54.623704850399825
46.59946839674045
62.22646774947369
55.32218843181309
65.18441936110449
60.111309691733524
67.20382616720237
62.733211968554734
68.66398126054769
64.82413409029226
53.5698311816347
45.597955527660346
61.827064551751356
54.73732337597808
65.00135597958565
59.96716402962079
67.29623511505585
62.98573897362887
68.79338311539847
65.136498328766
53.71645753317173
45.898919471175745
61.45278979177991
54.69118025669366
64.65884221316784
59.63995280230311
66.92216390999323
62.608507769708474
68.49260820365602
64.92579156298439
54.68051521009969
47.12968326059175
62.1937441459959
55.36884182449686
65.1946010497727
60.47931659015462
67.30873622981579
63.22874538914718
68.64479474499971
65.26749518768979
47.95002858988626
40.637451603388556
55.48454453443832
48.97063342930373
58.65329924452395
54.01297303496618
60.981828209293475
56.884686418558196
62.676145757434945
59.172110571969384
47.24095079822196
40.42176889408999
53.687309570747686
48.0749468225418
56.130780127753056
52.08615565049932
57.89680338694336
54.432943479345575
58.88737629483634
56.22295365886715
58.089400623556074
50.19571292195215
66.0778757373909
59.12053994154676
69.82467364478751
63.717547697508614
72.28329571916325
66.995475358138
73.79919303381457
69.2197804718343
51.7933432325256
44.14868370140241
60.24191731719881
53.12290989907491
64.72656056784936
58.13577298117569
68.14152540779003
61.9508351519219
70.6129846995731
64.81328815709738
56.2484606027811
48.32983696157438
64.09513225384596
57.28321991833776
67.90926677979611
61.77339647261248
70.34168652604833
65.08324899950031
72.03099019519767
67.39738598407905
55.642692563760264
47.79717782470249
63.29936141781496
56.43008161344278
67.13575056423902
60.876459209006086
69.68975324059743
64.1083273330531
71.56171683817504
66.42041112362807
52.97924478811421
45.03539336213943
60.70438952010762
53.79894066158254
64.46546099465358
58.283224683724754
67.00770175077535
61.561236991599046
68.70069826813672
63.860443348374304
56.07785265712759
47.78394135967804
64.30737378116697
57.025293143932274
68.54231454974718
61.79240155960557
71.36784893980217
65.20889379612566
73.14330156389315
67.84072262880235
52.7250876588518
44.581087644963446
60.804291772327154
53.96397113091339
64.7544542458179
58.63837981850952
67.41742962009717
61.989263909319206
69.2462043443274
64.50352615104468
51.40266916955625
43.20125402646522
59.39458938752684
52.113653643975375
63.14549988964764
56.54895440865475
65.7043367674388
59.77233218231313
67.26207724012856
62.05894606962163
53.5971739271008
45.09974415248155
62.370824909103405
54.89378066359619
66.74901930095709
59.998683395010374
69.97453362367725
63.593344116749975
71.96331904959591
66.13362961507832
58.39569004760363
51.25323007238164
64.9349659254882
59.09183583698257
68.4067320680846
63.001887947022524
70.65443560457427
65.67108454793741
71.9080692192727
67.40923440360696
42.13092834336272
35.33109621249857
49.183146067138125
42.37452766971514
53.161269482692674
46.623091291826626
55.90486551705415
49.31579320498588
57.613407950559804
51.12153006939483
54.66293325585423
47.118540484408165
61.600362067162436
55.07246373674748
65.08736722376128
59.170941574242654
67.49465089927749
61.89165884057783
68.82362537777473
63.60866046859308
57.02394896526579
49.6976213790081
64.02973935028258
57.56214273365885
67.7170366510012
61.58315458675332
69.9552594444973
64.42352508576786
71.21274766038188
66.1013252289079
54.20513070665029
46.50953212889172
61.566635436019965
54.72952567544004
65.40477862104173
58.98161288927282
67.89764729396677
61.78468717465925
69.30201712760909
63.51070874960148
53.44605378654656
45.980545766645086
60.67331099793751
54.04875232602278
64.42266640355936
58.279850008297295
67.01007563887234
61.133036600116405
68.31630463776348
63.00716463862226
49.6083242559346
41.9222510028674
57.28886947813532
49.90660457895129
61.222755956313655
54.29893762618219
64.18846226034003
57.27514410516306
65.71803662674434
59.28578879739216
56.073009037309895
48.23262747228366
63.47143829367317
56.77594166094225
67.11849306166432
61.09658166781787
69.5989951839205
63.798706866160536
70.93518482326803
65.5925241017786
56.60612105750313
49.16916334859847
63.2940451181729
57.410458858711664
66.57346248545012
61.39731628115563
68.90298121703408
64.08405416775175
70.32312861528366
65.71934416546526
53.411063957972196
45.781089632509676
60.42454685602704
53.3574243589251
63.538763877208595
57.45672289320254
65.28850670672803
60.40994266398544
66.9278363440015
62.344870950817864
47.71404004542107
40.07303970635336
54.91631890166113
47.643634053230656
58.37161422298508
51.93299559680496
60.1193359202983
55.0411564863768
61.925515470864
57.088204695192324
52.46103815718157
44.63810963727286
59.59878279846107
52.388905238040365
62.735402372902335
56.547738729735016
64.50923340798342
59.532111284721736
66.31768984176833
61.52144926364049
50.630534275887904
42.97135209195228
57.810205722750105
50.06302066198831
61.38017335186814
54.19673591864371
63.370415375368914
57.34521403527195
65.0656199591827
59.2790245615238
50.901930882330994
43.15013340446144
58.152949682879154
50.85479013355948
61.45887762794094
55.02170706605447
63.34425262209529
58.105282751659196
65.1028432708924
60.20018876276798
51.25083744346327
43.7390090510147
58.26455205051497
51.170677563980746
61.53440631924164
55.23675652591976
63.38836589369934
58.374938246969286
65.04163503242071
60.49377817851634
50.628833610415654
43.272975419178564
57.37716859490909
50.57286072604378
60.35940441689526
54.617800745630795
62.17722243497982
57.19270987747371
63.69649878581474
58.98712825376941
50.890754041041156
42.9789938317091
58.44850759674364
50.70508868465379
61.774858944442634
55.19534064263107
63.61451586270198
58.264264933656264
65.32805462899108
60.421840703380234
50.99217333746174
43.10752525273014
58.27943809596496
50.827352724264884
61.93824211639407
55.10457344428925
63.79272694255561
58.423889945130306
65.51355468317111
60.36953882761254
48.36323899229325
40.54051539448482
55.9911768466151
48.652410922795106
59.98448137109351
52.88792624591498
62.47529907982508
56.05160041051999
63.958891947816035
58.28829318398709
47.49463109554499
39.4238244290351
55.66758160957155
47.8316326560009
60.08819722394264
52.336861565735326
62.78096250869941
55.81858342754356
64.17286769375248
58.35693821553731
45.26649810487907
37.40727002211717
53.12261953034911
45.35394370106892
57.31297259869695
49.68499921996985
59.84468462362189
52.860857546696
61.249349535243965
55.20050128647913
41.23641124829174
34.44445073719997
48.43767731166664
41.51095504625447
52.82204305024521
45.614081061403546
55.94919850593774
48.93502867036217
58.11871238739632
51.61103660798221
47.61702846388256
39.55968872522615
55.67559209725758
48.02976600566624
59.79717724628155
52.40825042157912
62.519737456847466
55.75139875309133
63.994051343185085
58.0434647004878
45.36678879683546
37.317015451905135
53.350049614349736
45.53510149548453
57.85810798607963
50.107398837308395
60.544009526625295
53.58459423113844
62.152038520820284
55.94332462735466
46.852543530059435
39.040908177471636
54.732359499032476
47.242181212791266
58.95791919117863
51.59241753013628
61.87536719845019
54.85766291922927
63.63676054805967
57.306039798747
39.50863828126159
32.37613560402871
46.80820540881765
39.69193203479448
50.85953798040796
43.7077292692404
53.301723584869265
46.72574636432266
54.93535663858592
48.96634306340829
44.37530958609077
36.070915453530894
52.84679417355211
44.63941734996475
57.16376915496667
49.189857103017786
59.910015574605026
52.63785697361334
61.641577973210794
55.13235986217477
60.82435032366119
53.649785685626924
67.15116884425103
61.489458488672156
70.26468383531832
65.38047497400106
72.62090759696952
67.72441802446423
74.20735517536095
69.65916422127421
56.17206744398282
48.887397136535846
62.336256204478715
56.40154917704836
65.34515842096633
60.07926236132282
67.77961056846108
62.209231648259625
69.38513029198919
64.01217690522753
59.23825425288687
51.82881874508969
66.06586424655106
59.944939512005924
69.36344397184642
64.1762526263866
71.78952959038287
66.65107929494314
73.45614974677245
68.72768082945203
51.92858961458495
45.223794374708646
58.04818558108635
52.44771399048525
61.280151368649705
56.146793790839254
63.88754294103105
58.50559507346571
65.44188813698555
60.63952027499884
59.063601562654796
51.600163157987446
65.7899893656913
59.766428219520876
69.0872803007848
63.9554944508234
71.52971569440932
66.46089419490994
73.14527116994282
68.52937957346568
57.42318918666576
49.93762295784451
64.12388050419662
57.98802005488217
67.4605847137252
62.13889537279847
69.94790434252316
64.51931844245988
71.8305499614974
66.63514769974628
58.85066426077522
51.122161862255645
65.65242994686895
59.30585118052124
68.76482301400432
63.48290144236258
70.97191965542953
65.97420434643453
72.62117253881114
68.05398757601299
55.28185304510528
48.20872013869455
62.088287764582695
56.385681685993205
65.5735171256533
60.565535714310585
68.1091137892347
62.97973819426916
69.9754839935858
65.36100550114205
58.69241251902895
51.01848848148689
65.92230478386536
59.46367382458093
69.47312296515777
63.924018869034626
72.01081740797883
66.50447650706113
73.62916196809344
68.7394526455478
50.267496636149545
43.45919284105128
56.609966903072895
51.02625782473872
59.62272374987517
54.691112278798414
61.31104143256005
56.85353700804087
62.93228014238198
58.51017345039291
49.143297159320056
41.82256298103238
55.75099121990835
49.888503828272526
58.89445952092959
53.69048823919229
60.581398961259715
56.01157150975381
62.304326684196354
57.6758118195533
46.2827301542592
39.60440471670287
52.78530030337107
46.682079440354464
56.04933291044733
50.24855690096809
58.181979518453474
52.5204061241457
60.20418414944388
54.29526385841634
49.1318360840736
41.93327843241569
55.428257586504
49.70116281663368
58.49946696033162
53.30363291676308
60.13914661153956
55.56476141179321
61.877934832329416
57.24263236242826
48.27063581475747
41.344241610430686
54.379229576043095
48.701522951116075
57.09053167663777
52.2201651243727
58.52321537499306
54.22497917218304
60.09867575576537
55.68536737099335
44.959784212365214
38.09884893146213
51.578084000280214
45.79683104847676
54.86927499882409
49.66017783294314
56.84446501618443
52.01127047497598
58.5944835139137
53.79886685710525
47.43196069417673
40.33732544293483
54.026832107021015
47.996656511377
57.364063138152346
51.922831851047
59.40926134968938
54.31350704664774
61.33383275424467
56.177016349206845
48.26819363602982
41.33704986473391
54.33578482859696
49.098508940280375
57.31010084858358
52.83086624702102
59.171822670819054
54.91371811716972
60.94230454902467
56.77229567078146
48.32854909733919
41.22451512837354
54.94125969283778
48.833827063000754
58.07991662383098
52.762515985727866
59.69413922880405
55.129845737563265
61.272916100765464
56.92795401798432
45.849481442147166
40.617252285197836
50.14256004399387
45.67412447592758
50.728021977110075
48.069330141936895
50.232998891503144
48.97714275457739
49.4084760703118
49.30641471462689
44.60832650288824
39.229109790738136
49.43475103771412
44.31487247908827
50.63846307893921
46.947664106849786
50.96006177874097
48.22945422570406
50.5814679181954
49.178199118120425
36.959992846234904
31.656764844267073
41.17612974613098
36.200877564167875
41.92374135198739
38.411777491142395
41.45559754567202
39.36000520782837
41.15771439048706
39.30205073704545
42.974784065979655
37.899545015243206
47.382893305115935
42.54410587437207
48.636537535576196
45.03874783977583
49.259907741977294
46.20839428201435
48.9292919173283
47.03419852689369
41.93949715808731
36.24225433662824
47.13974288283516
41.625192567823596
47.994678154613545
44.497959941993734
47.32663445699029
45.63090436283874
46.47436986799971
46.01436944995867
43.648263663397366
38.47788517393721
48.018229423185076
43.11357809673157
48.9339353067629
45.6625925656107
48.70701763056088
46.70862354877342
48.60797502422252
47.0361200691666
42.85529559711774
37.333838430040345
47.37267843182062
42.20871090745578
48.55012125198659
44.5812051146566
48.528353948765556
45.60858596386819
48.121981665840806
46.45988269739957
43.968267654753014
38.00484675166081
48.83085105324946
43.24826152082601
50.37372919520329
45.953399336399755
50.82112027151248
47.20951551853362
50.58562631366732
48.21419834277542
43.69847004610911
37.85619039294007
48.91305003798323
43.03423822372828
50.46461395465764
45.952268420113704
50.394589930116496
47.201910970045724
50.068514219068305
48.01327152285163
54.76434426857655
46.89324422523802
62.79966757626184
55.407066499820104
66.9339192927108
59.94274253430581
69.65142798742423
63.31090851326636
71.51567509969485
65.67527747530119
48.88410116517375
41.27865036075512
57.00302862412458
49.287123188189206
61.12055741059618
53.85005041099037
63.887774688783175
57.27407828917617
65.69440600994841
59.60371549626126
53.034709007556145
44.877555745792975
61.28924059361722
53.55901515955159
65.61261329451762
58.12202413399136
68.39640395931868
61.53476030784895
70.34034627294082
64.0031016893023
46.01084781162944
37.85580244079737
54.09176694602373
46.14361238333594
58.06483900709621
50.604959330492605
60.530959996944254
53.94131331095067
62.356293536679075
56.093021817724505
52.46169185443067
44.15460943492183
61.25784954505264
52.97893626620399
65.85459111145036
57.8856968795253
68.76504686958008
61.496487880760654
70.66156365256194
64.02052195903562
49.37010298969112
41.97236340217192
56.636839263256356
49.562869813886536
60.392797007649854
53.434447844411956
62.90626233857067
56.40927034134769
64.43793934880023
58.49707415714847
52.09745452217691
43.72545324961805
60.99371787196118
52.66828528367389
65.51502602661931
57.77708577651713
68.5601794678114
61.4387841924134
70.51891208867809
63.999422355862414
50.86543590772115
42.692175144391854
59.3980846836599
51.41630341047606
63.8238524952176
56.14520598679968
66.65865632684414
59.82209737252167
68.30316258294044
62.355193352495576
47.56045639690982
39.88726830150635
55.89313597848828
48.00292856077143
60.32908950073521
52.725627212446405
63.391151656967224
56.26468283337267
65.52782669202774
58.901358449890694
65.6907192108028
59.37244384054664
70.7466724043865
67.01007911783347
73.27977958910105
70.1280034544482
74.7780985551956
72.11856652366701
75.70894455143824
73.41617959329528
63.41793237972115
56.60557383221947
68.850705046961
64.5835798700245
71.3390717538562
67.8791697095045
72.87299019011813
69.8176468454113
73.80372980310715
71.03814181884871
63.437521632628815
57.09001042691273
68.63366240744391
64.71486073071753
71.27439570829401
67.82398029080898
72.89560405844009
69.81121477078187
73.95198316808172
71.25401746909708
61.09448719461038
54.17979466495022
66.8551739737955
62.3129580581994
69.58194344935865
65.81168876159498
71.19759775920855
68.08518305757552
72.2035072561175
69.44002406303501
63.951495336247355
57.46623656439957
69.26806066951573
65.14573618073392
71.8911081078592
68.38960631843749
73.27669075586634
70.35250748691956
74.20287943547214
71.64517885702917
63.64317730773914
57.06007699861617
68.83293633308564
64.83881130625258
71.46918785762264
67.99616364955344
72.86825333427025
70.03355485594612
73.70063814850393
71.41904971273107
64.36495909116205
57.74486163187682
69.70111629582152
65.5941729337727
72.26532179898545
68.86314000778148
73.72511301241751
70.81201859931925
74.76922306965878
72.18946606557847
64.63190709387088
57.53572640485276
70.15231533373219
65.90965920809325
72.60874133360623
69.29323708182751
74.01633725468704
71.35163203930648
74.80931301476603
72.61360514521907
63.871952529525025
57.215957128525396
69.31174876032445
65.01182682128746
71.93038570958521
68.3594747021428
73.41168159277483
70.37699924531782
74.3078605396892
71.89292276667108
51.97328749692467
44.79312643831766
58.43637228211585
52.9877209860557
60.565259951863524
56.62074978685598
61.28836337258252
58.85367577349112
61.83044662876167
59.806836427019384
50.64935464333835
43.55423988053744
57.74127509139304
51.69730594106807
60.42346786695465
55.81076228035059
61.61239208265572
58.331328063888634
62.2907954873667
59.65948575484234
50.59556699795631
43.263464910419394
57.710426748172004
51.56681754632666
59.93209254735352
55.621888716186405
60.44480492934613
58.2277612892448
60.811789480655555
59.19461033481611
50.63111104292462
42.862415163042535
57.469219515082685
51.63334199933482
59.55566415900074
55.59924004424799
60.37266854589956
57.85331430116602
61.07186582054063
58.90334007855414
50.76053237322349
42.97464821416279
57.8913556844597
51.87454374228584
60.20862777009724
55.87475200504013
60.706005617096956
58.400981557256095
61.20288661541691
59.60406756441383
50.29577777004531
42.50438454467712
56.947913307878316
51.39493294561339
58.978740960905405
55.360287661852325
59.68155823508512
57.55389976986108
60.24351666739251
58.50520974974383
49.035912559993044
42.1388980950847
55.316591410807824
50.226600590661775
57.26723314729069
53.9445353705722
57.76917114719594
56.02922189994255
57.784396171022024
57.374339267081666
48.98488534406441
42.02052794132084
55.58775946592463
49.903170291294806
57.506633502254125
53.70649379437575
57.59953820521538
55.97066517680982
57.827556874549934
56.695528665643224
48.79434147166455
41.340423138631444
54.94061226091762
49.144600809862695
56.57024229667512
52.5859860701868
57.30102267045331
54.43663683540579
57.686704858973535
55.155885089858984
55.099992227439465
46.3753851064005
63.69664976085379
56.40049984944283
67.18367603373962
61.41913048969025
69.26363051172571
64.7139320156739
70.59195483116133
66.42520248707469
53.55022604203224
45.0147796249844
62.16224776508079
54.75250438137023
65.63156552654597
59.778252081669535
67.62879136084425
62.966655265552355
68.97836905154355
64.6996681792833
52.547228996943
44.082892625454186
61.116157202211
53.70827371167643
64.92229167704355
58.66700093481108
67.3434761982299
62.14343885168467
68.97284591208368
64.12993508678466
52.61231142257161
43.97299079177574
61.217697120927504
53.93070462962447
64.69639935663984
58.915413692124766
66.89846220545496
62.14595589090839
68.28348292628314
63.847881611699634
48.916303423130394
40.5083643378251
58.0889281186409
50.23489757867359
62.27399797446682
55.338238802961946
64.95618835144431
59.00683624800311
66.82666500205985
61.021427539215246
49.93000211293557
41.38521779206329
58.196803893422796
50.874417963195775
61.374262134476645
55.49781596437591
63.302225293235416
58.55140006153536
64.46860732416863
60.128365886683966
52.6483886881794
43.72650478671175
61.53903455269454
54.058075878960324
65.18395210670953
59.25812206718282
67.37229507513256
62.71833417305106
68.68877000752529
64.52867734385543
50.031762577347564
41.78518720054781
58.17925311211547
51.09584363959845
62.028147346691156
55.97133568230988
64.33434784955293
59.393783254235366
65.89005186407213
61.428937363030634
50.462924876913064
41.84281994374977
59.37248322086822
51.7909561927872
63.08576416920397
57.12275434824865
65.37225818622335
60.51183314629436
66.73290816958287
62.33466558405827
53.088208720356754
44.263431953882346
61.663176603230596
54.577311193607045
64.82728855371663
59.66704552505282
66.56861580192823
62.28607974109338
67.81370300769771
63.73836052794346
45.86874947782144
37.542055889015394
54.00839895624328
47.0636389102039
57.46908436857957
51.75246583368315
59.57171787560629
54.41652020497625
61.225680846211205
56.026107422801694
51.3585092144027
42.598844455288344
60.31110268850603
53.02467433554596
63.622919964869496
58.414026440800605
65.47921097014718
61.137613576764906
66.73694862128208
62.86465797137404
51.15098589305445
42.371978730270435
60.17998149489054
52.738812292402045
63.80721565139282
58.249136951602985
65.68895062024755
61.235652242845504
66.8411962133578
62.85459705638466
50.5383848540865
42.01516318256766
59.479585677831345
52.27455381799891
62.845131504607906
57.60586837802257
64.75787041759614
60.5314297896473
66.10495047411491
61.859903314379814
46.50378716782958
38.20916852694204
55.42031378799002
48.28932829898326
59.244318788476505
53.68371171124565
60.84146413314843
56.76102019214058
61.89174581982615
58.525185354770755
42.82623543690419
35.45024049251065
50.31258742049398
44.44587806620005
53.59579497621255
49.081968148182376
55.45324029905285
51.70213628128467
56.904861465460414
53.20985695167069
47.62128785811057
39.03405377637562
56.92911897920916
49.27063884464412
60.668834152126884
54.872301147027194
62.42409451131311
57.80549041478578
63.588879989420356
59.745288165127384
47.914910162919654
39.30856367572469
57.23564412517024
49.50613010551296
61.51204826652621
55.033532500976115
64.15872359041653
58.41398044262055
66.03355961122286
60.671037051723985
48.23663019814729
37.78549748752573
56.48561202567664
48.11016788469146
59.160988478980414
52.65592263231711
60.03849773536756
55.564732598296416
59.25346212669348
55.94761094151522
45.90289468763028
35.94798835933932
53.724373191915944
45.70393538481139
56.271070352962504
50.05432278099195
57.12428331771522
52.76011402287089
56.44984867021652
52.84512179737085
41.78079534088439
31.71712386073797
49.822532579266586
41.44167580742515
52.42781164804382
45.72018949351998
53.23801533174031
48.82126412729099
53.012520560282404
48.755928171818795
45.026607911545845
34.26124185047137
53.449172337234586
44.89928154120586
56.47382554404901
49.75171369219578
57.48055962891285
52.79806455925963
57.43743318477698
53.717829900320346
44.95141047824546
35.0467586126735
52.500773944932064
44.764462795840245
55.15194277914094
48.92490655144154
55.65076501231812
51.38911730525375
54.65951216433371
51.65189395881333
44.03869058587967
33.556848593399415
52.87835313834683
44.16491094170998
55.92210092266461
49.11070560954347
56.8680690720156
52.21675505825456
56.598584873371664
52.80335166434863
45.403978672839294
35.22786313487779
53.828953608500996
45.2771976953883
57.52586331769252
50.166459571312785
59.02389469639295
53.55751180658912
58.5348256892602
54.369372380937065
39.84807506454157
30.393091628877155
48.17861459110889
39.14431298223084
50.80155027381637
43.650428691461485
51.39493811090272
46.093382803370076
50.35199919830935
46.76049142995543
44.49308483912673
34.709184176242566
52.326750700395216
44.439101810048534
54.98044190900422
49.107594527054076
56.492333654819014
51.732933294427056
56.10700710948995
51.9954583538615
41.96067999388081
32.95470338696149
49.41091878092435
42.028745934206114
53.714959541950435
46.718462599516386
55.932000576126704
49.60217858408702
56.895234240781576
50.96955224121715
38.89645275793321
29.763041836395743
47.75713581497304
39.411475601640866
53.369885134327056
45.202442420689295
56.284754660980575
49.509454442472325
57.508589529644304
51.769425296842144
40.53662619945777
31.79543151037865
48.68829793050724
41.06331133577512
52.8942667619013
46.40918436104793
54.944267671377965
49.89026238290237
55.98490881052458
51.10169092473331
32.46494037819918
25.028304735928586
38.92064250170607
32.423643482527886
41.96032756273267
36.39742726031802
43.06555376908774
39.06105036707622
43.18314671557171
39.43288110828186
26.871584025867712
20.949743109364316
31.282767542137723
26.77032341128116
34.19763659713687
29.68186527993063
35.42038696532684
31.88176883182767
34.72830400645361
33.29343457102786
40.11144465835883
31.745546018517434
47.9205883344519
41.18401326258285
52.45851629432845
46.25414025761662
54.373496100595055
49.6166060444647
55.000359582678016
51.02150016444846
36.768459378426456
28.825264833020825
44.12941381784893
37.34582272166407
47.96757828613122
42.108317492781154
49.99498855343719
44.92415167021908
51.472950616378775
46.38585438779275
37.26137876139741
28.853547172409854
45.112185922603565
38.13080124907674
49.267472034037084
42.85876704827971
51.83597425749728
45.838672586154004
52.59215725898303
47.17211632159216
35.47544379765415
26.98236606406241
42.774148090993144
35.511974587898685
46.93243790647676
40.40454714257109
49.15774268224453
43.28738617752362
50.03342053839066
44.53301318087865
46.377871543729185
36.615545009994946
54.053036613302595
46.93594242384628
57.18840819352189
51.805373573669286
59.78544104665471
54.53774771402136
61.615251812824376
56.250386296907884
41.65876431825208
32.50764408753837
48.991111271826306
42.41471849421359
52.21800689381959
47.10905917012924
55.19424785690492
50.03612603336449
57.017715859191156
51.85373191685139
40.4771162452504
31.35740779756172
47.97774216605974
40.87068234922727
51.462601087920156
45.507202780527614
54.49595423825436
48.17277269951372
57.05574728785534
50.19720564220822
43.896057411238566
34.78075344114857
51.20143587529646
44.64827921298673
55.057027324902094
49.3364148970616
57.853766445052244
52.36523798105808
59.690289574223776
54.66405856375525
43.18276353920554
33.30001891462895
51.50121208421171
43.61233860707965
55.52935798184924
48.92044808948107
58.674535491408996
51.98889490095186
60.74744651665692
54.40446798871058
44.435829292001884
34.83204779007822
51.882437156253744
44.76450831688991
55.37834968705017
49.442661574912336
58.410176258850534
52.301625989997724
60.10062297296022
54.234391212810465
39.55048188670146
30.346077430053832
46.92214157178306
40.082162601786685
50.09745532675668
44.96217679245225
52.59272829689561
47.485858210323315
54.03372619894671
49.21751917875332
27.704986107397346
21.11763616357315
33.36704863612352
28.025931619635347
35.32687925959932
31.47965621271028
37.73800459960695
33.211331039696766
39.82560167635189
34.51300041714006
38.408335949746906
29.92257770424279
45.12537247301165
38.98935353603362
47.89398210496414
43.13079411746309
50.46899608787127
45.445214780062315
52.20990948296846
47.293451471992576
56.19883247110258
47.380920892060054
62.0671593411402
56.72185511200537
65.2413622176133
60.323871447946246
66.58758431864943
62.621530220708706
67.72657734872082
64.15135461600529
55.49572204247228
46.34899970289366
61.889246094783346
55.96592602744978
64.90556204529227
59.916528407505055
65.82812269438837
62.17634226722526
66.58205210366003
63.40801376747574
54.44028613283338
45.33413689806978
60.939170997295136
55.13069426009651
64.38444897057971
59.02375808151143
65.73591806441546
61.730874121316745
66.7206688999884
63.23838965373467
54.36953619418432
45.183042743741375
60.31496462946417
54.56420869453099
63.5870516812849
58.073675791727
64.66757302529346
60.43874238602339
65.35856308380824
61.97483974559195
52.56835245434808
43.95847026762234
58.589744994857405
52.99264302089956
62.36125770795471
56.489561552653164
64.49300404831293
59.010192063467755
66.15157427269995
60.88132612374749
51.55007711645381
42.90395486401019
56.95819453076576
51.240677405455884
59.6161477425188
54.31915003049117
60.530441442012275
56.309702957781084
61.90118039840022
56.97614072878856
53.9462709397477
44.918180272976585
59.82501171617975
54.3824589671328
62.87827884030541
57.87207443284622
64.11169571773611
60.187008899545866
65.15668407215199
61.72018801521115
53.364278399288764
44.52483764884606
58.81132507079305
53.97581019447601
61.21854153692809
57.06050317326265
62.15448138330011
58.90580871860512
62.88351225465967
59.99774077500659
45.46823608767549
37.877244198989914
51.20385350417237
45.833519849626526
55.47140170969145
49.196218117070124
57.94790241396879
51.919836178521564
59.910077734760335
54.20740688884869
60.7387983815185
52.13073128820691
67.29669826211415
61.630421090323885
69.49878654760381
65.9683889509692
70.10778864580116
67.82605808974067
70.71640079314835
68.82052296779166
37.22204036981989
30.26818378042002
41.41627710444531
37.27306085229626
41.658449244758856
40.03326932242884
40.89935535447559
40.84297729011307
39.95455805192456
40.85431600447205
51.745659299594024
43.73873645087733
57.65427968934691
52.68805273240643
59.14337744136668
56.655089958216934
59.84797559365531
58.3675877225163
60.50973862313764
58.574003545064755
57.67961728690769
49.51111860365641
63.81598007520846
58.59754604468846
66.35103260091242
62.582775110104386
67.00651399367177
64.39625548967388
67.16934532024972
65.35829340625902
51.72024501646801
44.063997018224256
58.233186227902436
52.87047682919839
60.50846459571023
57.011691916759744
61.686667902647294
59.10628596531866
62.37991580882793
60.62166623042473
57.29402912817465
48.77918145319856
63.779854383760195
58.2345743853413
65.08587055837079
62.463407922888095
65.35105836016977
64.04140115114234
65.5507764658241
64.44994544834084
56.40812133348132
48.0320038862988
64.43054163736693
57.36034453511657
67.51429399679351
62.49028072217948
68.16771715765896
64.89703240917923
68.58250160675894
66.17096327696513
55.41854983531489
46.572507580941405
62.2235022469314
56.22992908807953
64.75367058074868
60.43509388597087
66.0084617845466
62.779245598971656
66.60010726951741
64.68830562042646
55.334988530662265
46.311648697263486
61.969615450895375
56.40868326186238
63.429560295050045
60.53840973406848
64.07203387439723
62.12673678489402
64.55203427430618
62.830555747713504
59.894161731837116
52.24762491604
66.34878938514235
61.17042259874738
69.45469182514776
64.66725042065113
72.01921026879666
67.09228829914707
73.32584513438367
69.29298113997464
57.78177211600413
50.25540332603581
64.78178933167997
59.14290899493343
68.45256543438877
63.379593459673345
71.59953794774411
66.09021824885598
72.93907247720955
68.77836092068053
53.34063205886241
46.03771010284628
60.095661868864056
54.53065675958838
64.30752608297561
58.44715347118523
66.87390817235183
61.406443973231404
68.13280689630923
63.93143978655167
56.84781861848822
49.2614633569719
63.65815272649938
58.13418349450766
67.86802479025754
62.12678595457761
70.72247100218895
65.21158797175008
71.95195359851554
67.89221050571433
57.54603748020326
49.67144550699921
64.22114331628335
58.665916138536915
67.99328968473412
62.298808232169044
71.04718857096319
64.99123399397315
72.95898078572478
67.4867499917054
52.44001791486708
44.62960161802013
59.26943330689506
53.72085201885033
62.98613739531562
57.117510062370705
65.91215744268139
59.67144429515297
67.79539340376589
62.06127633529157
57.74863374205955
49.2891957221541
64.69664173365297
58.985711509976824
68.10750425866424
63.06561635115736
70.61807995400929
65.73131110683812
72.2068622590044
68.29044883190265
50.2763159197173
43.532398953537424
57.34716967277499
51.683743494389844
62.69422341732551
55.95858163053832
66.24361050755388
59.41996711075363
67.42120082803547
63.19986593394133
56.5260269353161
48.60048781386129
63.56649314433116
57.58915321672347
68.09901532388662
61.80902183601944
71.06385448600028
65.18763453936513
73.24766420814191
68.04229865312014
47.86976858644662
41.083018728408625
54.31617307592802
48.59533840579445
57.19789118336654
53.066922846315414
59.85429719299972
55.35892203220099
62.26637703273767
56.99253473889374
40.930995516348425
34.88880235625969
46.35216588997449
41.005144529069604
48.09720928469711
44.90865516557086
49.646066729708785
46.37997731971397
51.17142751850834
47.30859114343725
45.90779748740586
39.59974041420371
52.19435223362285
46.600940539083865
55.01184037881025
51.25066704880975
57.97375978549112
53.619993283708176
61.01371977802121
55.498225930607404
45.944162811407594
39.38478175453861
52.01659866971231
46.60251897840351
54.93577069659204
50.82096377608442
58.19317779076345
53.28109453671822
60.813777762384255
55.3198468423864
43.117044320923746
36.67763289260424
50.13337806009173
44.01216845948124
54.14643408655526
48.938835679715396
57.712498153336135
51.93563277886657
60.22032037324847
54.25825384987396
46.69157535399544
39.290429969248855
53.85866001522584
47.33634175722871
56.413699091308445
52.209758927205826
58.660812168884036
54.416632943651045
60.06603882798856
55.649069171133945
46.04790988714833
38.684464894943424
52.527439185464274
46.239710670923415
55.60553788668072
50.501421540186506
58.34064743750662
52.96237313660179
60.46794165431084
54.76639328182261
43.62673781126546
37.14137479500219
50.02131918215478
44.439077765708234
53.3108869668258
48.61626241418563
56.465296606580274
51.19682265826213
59.471672714206505
53.023694671685625
45.83235598451062
39.24049767758135
52.54310809547393
46.57632889480156
55.555360007175246
51.09162773206245
58.15777031104715
53.96971411520257
60.26910866741538
56.01675636948771
52.07331752795188
44.00035598485938
59.68572546505643
52.73582140904458
63.183216248855686
57.50907612129149
65.29321610287133
59.928395006362734
66.53499161927957
61.37427864700623
47.324059478446
40.023640812189086
54.54235970831503
48.011470010802114
57.85976126278067
52.58841800770353
59.8688916221565
54.856733925803944
61.10460525362188
56.25837839732102
40.83590497501266
33.76322492177517
47.427293315935295
40.96857440227848
51.02953041408056
44.98850331173918
52.96237310292271
47.826318886745476
54.387457464458635
49.54530546389995
49.65194011666909
41.70311009355429
56.886329569745484
50.10866478631875
59.91894851435311
54.6797219193323
61.53080358774019
56.9105036833051
62.554646158686666
58.33017197109156
49.15279153877863
41.07306304542894
57.333201135977355
49.94177659770358
61.53470186010874
55.15658554078412
64.19405380890709
58.1075278885701
65.68079449333165
60.25048223877909
50.31600135836749
42.05398622641392
58.65343510158929
51.014271196369144
62.66641965675797
56.39787081775165
65.30527570322262
59.37863241762753
66.96855787554887
61.46312826928977
48.80626268197796
40.98176920808518
56.69051667385969
49.4498991798594
60.77782144147221
54.298307508026355
63.62669452774714
57.07503861130292
65.3986242706533
59.22245916872239
35.00220736276771
28.598849334106944
42.155040707894095
35.41214771364448
45.96998840879101
39.85359559500809
48.52985874915521
42.393708059071955
49.71614842472678
44.089629840326005
48.25036776331702
40.16164509352892
56.870183768700656
48.909239699934915
61.23704489165762
54.40043440723154
63.83633351971485
57.4393746540943
65.38571761732712
59.53217103007199
52.00362011370003
44.83365170972343
58.679516708646716
52.54018595055634
62.24408915761646
56.8627872333187
64.26629343489788
59.238277740194775
65.74235802677191
60.97633034453867
50.24000943676612
42.50781715041722
57.75763806216938
50.74886634113249
61.35630368577677
55.33214546730749
63.65493972244608
57.827372725763205
64.74774954349539
59.24858289318574
50.11683130790088
43.06955878465807
56.63250577757223
50.60520673397022
60.06836291726736
54.748617495362595
61.85176478731687
57.046205567034434
63.05881919247112
58.46719688641071
50.74582057122014
43.79422772578367
57.24117669380002
51.08905752621221
60.58665180844402
55.27095393046066
62.51656588050175
57.49102785227078
63.69661368485906
58.69694287511623
50.42567002101095
43.179232643345266
57.27926830069927
50.819128864591875
61.13999247015599
55.203365279747885
63.480510262396365
57.51253049837
64.91860306826989
59.45639614916275
50.51560197290759
43.07812800661265
57.40445448219532
51.123067201282545
60.68157018809215
55.45042099872934
62.48652053545791
57.69210754247385
63.70252548665821
58.80752962302434
49.58997990658677
41.54846398305539
57.536281897641864
50.12312621855634
61.486248768679275
54.761229703583616
64.1822314038751
57.71134145706998
65.60458371464453
59.5982820578899
48.58530679144152
41.23975511412327
54.6391746549933
48.92001316766928
57.66781064360173
52.62214062660087
59.58082414310459
54.8372933827514
61.234727878652876
56.25480656625801
46.98930828582314
39.88688013736884
53.43279372339249
47.62794116477301
56.77491528504676
51.50585886223995
59.08843080137416
53.627284059063626
60.82019418396152
55.022893691364885

60.02162345226911
53.45423184334741
64.45719200898772
60.487857161972016
66.05854242857406
62.87137698705332
67.49993999174218
63.82146669314327
68.04005455368889
64.58937390167573
56.75633954382808
50.03503641471079
61.615222636805015
57.422089092253294
63.32242388311791
60.07266632885825
64.51395256345198
60.958109360843515
64.85069684358787
61.70864267568361
57.39069497491312
50.34252736249334
62.97570097789933
58.01421332656067
65.1608100997912
61.18269223060627
66.71112861575305
62.52976305570863
67.41060976166867
63.48683266194135
57.143576051853564
49.889021345503316
62.769297172556925
57.92914208590783
64.67566338928417
60.90268567924506
66.1792487682329
62.1787169733935
66.85494584673175
63.150328257684244
56.63432988045346
49.58725624882834
61.75026577629291
57.29667106194414
63.61217735159641
59.968176782686996
64.89590937608386
61.21887706785629
65.2178329095426
61.82697963300121
57.24456239509117
50.10068956063972
61.54444385767174
57.39707881382077
63.015199933349834
59.69357429515711
64.21298676972474
60.69700993390388
64.89389457342288
61.481262080742624
56.07753040894825
48.76802814922516
61.691821391725156
56.69350632287349
63.977051499215335
59.87548619303369
65.25200867495992
61.23352538135269
65.4025844313104
62.269102690281784
54.77073202256233
47.4162902562958
60.78422357743833
55.19730331016497
62.8560383787391
58.43483295368554
64.7471662029471
59.991796295659086
65.64574821409717
61.000234682541745
55.57676400805143
48.26232563279424
60.88403231481882
56.08376373095481
62.824325345806706
59.156819471547294
64.43069359063915
60.27793184025973
64.82361644720571
61.202522919519865
66.08026557356051
59.33425866050226
72.56321179911339
67.1798219956787
75.0258321181769
70.81828181910659
76.00250477088215
73.00488623734316
76.86324510245005
74.08716374802664
65.35495101136665
58.38901457323461
72.07823465929081
66.50110611262517
74.4889431423074
70.28577570537973
75.46963019910555
72.54717311785404
76.13973992288297
73.5524808412445
66.03794295334755
59.20280238150792
71.83996125388809
66.67578713817285
73.96841810163109
69.8295875507287
75.07210241048284
71.67207705793982
75.91758881824046
72.84819975954716
65.24318674420468
58.43756624994929
71.49599343788768
66.38632493722241
73.68805820922653
69.87684027079743
74.38572551812337
71.84600692859209
75.03949177458948
72.64556326990247
64.69707736318622
57.727654613611136
71.18368399617908
65.72305659547712
73.70286283309359
69.32707964151506
74.49736258599158
71.63681210952242
75.21922802571073
72.7491479730092
63.83490010602624
57.064497730090366
70.42272989982527
64.90640204012946
72.7753733759639
68.43761847343175
73.7548539580533
70.53319744679281
74.58604488984393
71.48645603188002
65.13408236642638
57.82099853397039
71.91848639001196
66.5240515654754
74.49789028989355
70.42918769366544
75.33105927853568
72.7260484266196
76.078125324324
73.79690817963282
63.80228673454391
56.69163098945602
70.89697439096479
65.16895310649727
74.14940778772178
69.22551790574119
75.71034177705496
71.83010281540444
76.81509181489231
73.39186377670323
64.20924850605333
57.118817121288124
70.93136229171239
65.4971664770679
73.23306706579558
69.33671352904418
74.12104077029795
71.36902259997579
75.02839406180513
72.37763546267666
52.682767436568476
46.68404857861794
59.48502069852242
54.126136889740465
62.73832210691519
58.28469767622507
64.74772475019542
60.86074866626886
65.48216739683083
62.69839567730162
51.72327204948641
45.3800848018948
59.63993389765563
53.174274458769176
63.32214239132404
58.02214667545873
65.03616781016508
61.08803111887906
65.29140376139637
62.87737603211002
49.16345998757353
42.86246746571102
56.26718391937386
50.27739470804268
60.21488379594911
54.540883380206964
62.29644657548252
57.513420499048216
63.0176535759025
59.52465911609352
51.03098654021103
44.26523497482025
58.72254039710882
52.181641369092645
62.58327005707742
57.114493423816334
64.73197793914215
60.21085406543101
65.38743268274715
62.253027167558116
53.938796437614386
47.00773820849591
61.197932160252655
55.26928452308033
64.35531316640741
59.67419299093368
65.44159889307362
62.534992931647984
65.20484782210426
64.1473628481311
51.27528881680401
45.05959278147201
58.29531741743419
52.69240714757852
61.913350910229916
57.096395304340405
63.866461444590136
60.35246082571031
64.30174455204398
62.41021254514011
49.72712724329348
43.344155125834504
57.05207782282811
50.932700549637765
60.503222962725665
55.36224730390607
62.165895873776655
58.240530393797904
62.28323213834233
60.25359016918712
52.71469152866373
45.62035187612001
59.77553341512798
53.81721590503583
63.14785826680676
58.13444807750787
64.49411375992167
60.81482556256332
64.61147700198558
62.452485253195846
50.43235793761658
44.16244275276894
57.59293030272956
51.567328188570094
61.439010324081224
56.025894964880216
63.73243079556254
59.07751601845139
64.38264521277065
61.067205317781294
56.372670308869466
51.13041267391642
62.77479809772473
57.40102765990158
64.83556982363316
61.40092555873553
65.26074311691414
62.52171794918302
65.44883858324113
63.001111812242506
55.744531655620165
50.47178183395313
62.19304205959375
56.75106609795455
64.24907325573827
60.63420949503654
64.65225230942664
61.97229263746185
65.04830415922072
62.474594849191156
48.569987484665035
43.698684981752336
55.35717946176467
49.97088550157345
57.618592565589466
53.795899986042414
58.642923004170676
55.36213298487811
59.711167109921924
56.06756020740596
54.645404837504174
48.966438165313875
61.87081106025338
55.66798095159575
64.55405849245047
59.97253720891456
65.30025234940379
61.45533166770086
65.72995881527363
62.673421623772974
53.84438815463584
48.43423511384777
59.92196278566932
54.708031397915846
61.72474193177903
58.370914629437785
62.14030375674786
59.2865557650964
62.602186376780836
59.67572682700322
54.56377026675341
49.300670871898035
61.11716623198081
55.28709279750122
63.69054050401246
59.199921217607354
64.5546155396737
60.85218295914484
65.17771461368763
61.59765469950356
54.91540077980199
49.63371479096283
61.286785970742066
55.93478318034617
63.7021212814709
59.911529396047094
64.54918595616627
61.41910988933088
65.1576517669439
61.85462826797905
51.332919777578056
46.203602647531504
57.78210283147216
52.26341798239689
59.993610154678564
56.37472713620495
60.371257926720325
57.8722685063617
60.43242279670067
58.21093521221516
49.438761537785304
43.86328852586951
56.52016883694183
50.584319453693816
59.26932438703582
54.99117507788647
60.315973762395124
56.586607230897826
60.743755493189255
57.402224601391616
63.73323777040001
56.71026488067095
68.94536626532731
64.549248357056
71.26917359688245
67.16372138498545
73.16175859628424
68.74805919356658
74.13004088341886
70.09211540912487
62.97313363751657
55.76702187180671
68.19243729530493
63.69984383301569
70.50994264959532
66.36075216370375
72.62649096779926
68.00296513671422
73.85496370691655
69.3783505265657
56.56561951814272
49.836500039181495
61.92784299618936
57.18905626077796
63.93203590254557
59.87890838223655
65.679539002618
61.2416586402283
66.62291079323226
62.510394463848016
63.59127225630456
56.68727921687494
68.53396005745671
64.33203552118786
70.73522598420658
66.6706768533801
72.5000851349746
68.26470116725997
73.32927996727304
69.72327415075435
58.23815547655353
50.91273463977317
63.77010346983371
59.04292380274907
66.12318005631828
61.90235740557776
68.14860152279824
63.69878161741309
69.14120494481256
65.14629179549358
61.407212793649514
54.796641106989206
65.84576478560368
61.89927552839627
67.87321156343091
63.80558450557471
69.81373072639423
65.03001451962787
70.95765859181678
66.25183509489779
61.39615857703282
53.70692410342615
67.15726904593895
62.29118886495333
69.20677363116967
65.16972877267978
71.129824663345
66.80785198800969
72.33565244007055
68.27056993677795
58.88019702224305
51.782538052920025
64.07532277246155
59.599868767145225
66.54434957189517
62.15376676253774
68.34568830441948
63.83913798422639
69.13957163008912
65.1630560483452
41.49004855495707
35.12198257122192
47.41652080403509
42.18570228305345
50.78745475054565
45.39057360163277
53.3460328752442
47.70741701362016
54.69180482966618
50.02630743454986
63.4580280464777
58.03104768642634
67.20354187122936
63.63865392920896
69.29702964190894
65.87540407371615
70.60801188361698
67.50187360205835
71.38891887345379
69.04981118896275
61.93491843583365
56.14208992894816
66.17884747878495
62.30150910730826
68.43458384154432
64.69724362273419
69.82040138512056
66.35797592154388
70.70121032833538
68.0566411468547
63.48401025704135
57.99083797044226
67.37494904291414
63.836856347841966
69.48229932844447
66.14859543173546
71.076573970559
67.87149356479131
71.78183714856733
69.54942681485451
63.291990661278064
57.1563248299108
67.3100067787472
63.41966097218765
69.12779559989941
65.84794869257713
70.2554114979803
67.45640314367787
70.79233122204481
68.8727472186228
64.22957405062613
58.096088167777204
68.58739730510214
64.44372841868304
71.04596355403675
66.91763385205438
72.51695430626492
68.90775204950829
73.2743806458578
70.74165312158999
61.05410125240574
55.16833728419832
64.92958024583734
61.269827009578925
67.15448681877402
63.527371890858134
68.6030686953187
65.16110780770748
69.39456101045431
66.94484584311992
60.555114626421215
54.59350560198089
64.73755331572049
60.24861043748031
67.34733523666844
62.43526719142043
69.41625438116341
64.43277018144482
70.5944362029112
66.2139365422767
59.65964410565627
53.919594807990315
64.30221292119982
60.32030159716292
66.58530466623364
62.91947998971953
68.27866394009074
64.83522709945998
69.1786347494936
66.58893793438484
51.826309245915425
46.6844364845218
55.05637564775869
51.649780749511145
57.19304398804312
53.44087221052205
58.18473821399947
54.95768533308565
58.484741685626275
56.254495863798496
23.00505899699775
17.116607249892756
29.973713179949023
22.9146189479561
34.65750580678313
26.4749585955949
38.03627406679308
29.51772405706894
40.97902570126107
31.858166974496815
21.401705543759576
15.739001066595392
28.235416033417813
21.36521792191194
32.918479130362385
25.01618179739674
36.20779384273669
28.200784454432615
39.04146267608737
30.642563982434545
21.07584987258788
15.314094621053664
27.91661967342849
21.13411834027651
32.27719165703016
24.754407428215885
35.24063895889276
27.806228000606325
37.65960474036494
30.04284118984031
22.32254905688259
16.874648572860984
29.083882074920886
22.561782052864498
33.537662735253626
26.07294518895966
36.713842365289
29.11052655871388
39.35090348109904
31.387740417980226
21.144043652227374
15.747845707386565
27.587188823316076
21.124707797199417
32.33158812860406
24.514204002038998
35.67775836573344
27.644391605774633
38.540873375667395
30.14518803988333
21.735397902023944
16.03178227235582
28.470353181810005
21.685790965266193
33.050654122781765
25.216558846670168
36.18280564953047
28.232910045761518
38.94134245551384
30.461112663038435
21.54482045595687
16.032841037847923
27.849439021162826
21.56870412263302
32.30897944791732
24.863776181980015
35.43462568849518
27.763448480890286
37.971517428844216
30.03029951665018
22.803892471834697
16.66187522654071
30.08284531440021
22.816982000227426
34.82311940855259
26.567184790256015
38.141790122999254
29.790608180389945
40.93099446094502
32.213852948163414
21.54940410105177
16.16702924485879
28.261035872786387
21.73222228363172
32.726416432985076
25.095651127574246
35.92878550524618
27.980796905747617
38.64107652545965
30.248011642874715
38.74761143234294
29.77262673702292
47.61431061098998
39.002175059616384
52.46605104414331
43.93133758756564
55.67184152962438
47.32564156991601
58.19657817713415
49.68138527749761
35.421839447790816
26.808370114822154
43.9513227462876
35.40827603618973
48.63987873593585
40.10845057449659
51.965010526530484
43.42368063912032
54.48756344000969
45.64453814146092
34.2401443648008
25.785118619083434
42.46025582000906
33.785606674650715
47.18951990921657
38.2045488794242
50.48210517858137
41.182140834257716
52.93235289990037
43.31051297342186
33.65262150934918
25.23844909174556
42.57893764857978
33.5470271900812
47.64308158568284
38.25254158654643
51.21639917353775
41.76822913230017
53.58255412940438
44.06048883060817
36.66626815017211
27.941840041164657
45.90248189677888
36.86740588489845
51.24381372039034
41.99691949090204
54.71133259859512
45.789473013296735
57.18053146694135
48.251286107293964
35.62467097211065
26.715510661215358
44.85010377490215
36.00470473287515
50.068411143616544
41.11531127295764
53.757446278469544
44.81067212968186
56.38705969642949
47.22718067479169
37.292435535324344
28.35255362751369
46.270401799306136
37.55635286538265
51.29959453431721
42.53481708500326
54.61637834284616
45.95140127875612
57.111738660847
48.20070813400237
33.52555158510045
25.122396369778333
42.70440946922025
33.79777376901628
48.244994656816765
39.14168193964914
52.114192291710395
43.31635045280823
55.14975706045179
46.58230514638267
37.026100824884026
27.95012010283242
46.380460116061315
37.405938117813676
51.253309987804776
42.718613607163405
54.51274588895916
46.10091949744651
56.860127572908034
48.40538133659381
44.85282120749634
36.62967175762238
52.35583395409128
45.22822378171654
56.774281677569036
49.23921729726253
59.38022292832046
51.96933153268108
61.17819953798255
54.02226649497632
39.223481187877454
31.856162936154842
46.22088308953944
39.56733650941642
50.59032985662317
43.387631870122
53.26861707367916
46.133521198957084
55.16671561244792
48.20415822824222
43.80120174621162
35.399775195353655
51.63896371354857
44.072426624874964
56.12163628440348
48.187462008313005
58.75526358314245
51.03397759161836
60.57704126293484
53.11783226473115
40.51149195758706
32.83582900197565
47.658218932780784
40.907205405131094
51.96528489273702
44.86233534862261
54.50380215014978
47.49643518535659
56.245745513998855
49.48558077631272
40.648877229600735
32.41120151429341
48.46149589162491
40.86656212288273
53.070168352398554
45.037650459378284
55.62649663535405
47.95435136297288
57.35268962175568
50.0348802760451
38.1400630688533
30.538243153547107
45.32740752410871
38.507256828480344
49.53416546402526
42.328586184763154
52.04640743536159
44.879010207980386
53.70372510683721
46.89813566099066
42.632386280934966
34.37347714756795
50.24978037471454
43.11843891239728
54.77162820148018
47.19837443025936
57.40937778444878
50.02376748518562
59.32415438922713
52.20890250228049
43.583738997261555
35.14765264997456
51.29090231136678
44.02056960895536
55.75886495658558
48.20201482796036
58.224866035844734
50.9151284689644
60.15042536448727
53.08343008356633
42.78717407987589
34.096892233353756
51.06145863313858
43.22574357704549
55.82815302402055
47.6989133113675
58.70713598454864
50.73725820770729
60.731555874348906
52.9618564432905
