41.18088126457463
33.99233514848684
47.290441576662865
42.34469349157655
49.100552687185875
45.8433440530092
50.2986753859741
47.70491375119291
51.53800039544054
49.02646431048934
38.95791351346555
31.470589428643216
45.537060386578254
40.02582303959205
47.28026230658743
44.12715028490345
48.54736252029757
46.23913185709457
50.403548690781484
47.63873579697332
40.38092983020665
32.89069502923451
46.89420006868769
41.32196678206448
48.498895930424624
45.171576191680415
49.38388676521826
47.30140379859612
49.74560010699894
48.360464315924155
36.62087079302766
29.759438599113842
42.151948499107874
37.76713019107617
43.610976827372994
41.02334466742539
44.4108341189491
42.75018396522483
45.20003903295024
44.09343629370286
39.48745152502524
32.57744399491348
45.73174328868744
40.62336619336253
48.132344450433465
44.18328063673228
49.29255062531875
46.10286679424427
50.25033125105784
47.696432031910916
39.09732758706923
31.403489061272328
45.8499745941679
40.400010321385
47.54264810948888
44.391794873899904
48.95588694740353
46.31155635990453
50.59224307162038
47.429060872586334
38.11719175679406
31.896084660448075
43.93058321971605
39.25011007100372
45.31334845833692
42.66200051746394
46.07138979954043
44.418769715258954
47.25876801955356
45.49167617392743
40.20751036474404
32.31055091145926
46.65822599244284
41.31084411122986
48.84733196080542
45.29655440020625
49.86773663873456
47.29930400517608
50.9073203186525
48.74919133306139
38.30640151683501
30.517253435521464
45.26885387354442
39.193483657360204
47.31968243409801
43.14400664238788
47.94935560553111
44.98226448107236
48.11281412860894
46.0354274825138
37.28926081959823
30.978846001062266
44.07657129464292
37.961886113241846
47.78285201584437
42.15844191967464
49.572193230992454
44.70085768379963
50.20617400798667
46.752236112993685
37.361624051362476
30.897502286128287
44.21080219963085
38.208426958697316
47.89470291888639
42.509296410161525
49.623842550679406
45.017508002106574
50.067501078466606
47.11622965802093
35.60076824472088
29.34365319096376
42.073214994348426
35.80086174259236
45.51123282678135
39.860464089074675
47.18800106837928
42.28345199897588
48.07956706417227
44.20625769021509
31.721671998992573
25.01346790525856
39.372362379997114
32.72476791251485
43.50806614314813
37.67743739754172
45.79793510826556
40.56842790897445
47.22211138758918
43.16238120152782
36.26706226321096
29.563507325532157
43.532146837839704
36.72825595239222
47.47543757256266
41.19975910902107
49.214355882951466
43.84612487098707
50.02556973252072
46.23278149844637
36.222447534289756
29.736202991852167
43.07602080809067
36.827842726944326
46.51112316686857
41.14100139123583
48.22493116880832
43.485749076323835
48.940436400025575
45.26440345590183
24.892697877145054
19.34803807054356
31.45872009013648
25.661905864694123
35.085560213583854
29.8707311290778
36.9317939347231
32.29303364288722
37.91012978956396
34.46498811444155
35.59974039723613
29.15517610432602
41.780894187494745
35.914483975209656
44.52886658941606
39.67439209967611
45.83395345268784
41.379063906695535
46.34694321626529
42.852963207867035
32.96159670815621
26.173125235223605
40.20646518977606
33.58636434548449
43.819360692030266
37.92287741095297
46.047881563850204
40.151192668118696
46.982223440602176
42.173731177859565
64.65689496949794
59.051294704510006
69.93273969386385
65.38493051110497
73.11640729752344
68.62570742213683
75.39727230125553
70.92098904402945
77.27096973730116
72.60435153391687
63.32809319941431
57.05793110757984
69.09267128876965
64.28895862636658
72.19927608127556
67.86106692986604
74.12650602645886
70.18814702594445
76.01662776615949
71.90213298855501
56.441163710185194
51.859665126653375
60.59826668661279
56.82473515620875
63.26169280712301
59.39331282558534
65.30468101791462
61.15870857667901
67.01942406247913
62.38758133117168
52.332413630217765
47.32057895334081
57.29892080832417
53.28437129402439
60.458593107177535
56.30308326719956
62.5944424910863
58.59819248035147
64.42014218894143
60.13130637050273
62.72242538804682
56.72178280681063
68.69347676929274
63.767184853081346
71.94604702408597
67.47393608202093
73.86647948911416
69.94802446583724
75.33891045719324
71.61896072549563
61.63925598555486
55.581833882147706
67.06170857107925
62.51241876535034
70.05904252485202
65.70893243912313
72.25331226028902
67.88559454211551
74.20912111532583
69.39777954471175
61.93982815442614
55.91275058520906
67.61998096102735
62.67026232333656
71.34015079414772
66.16094853015377
73.71626801864548
68.69523268020367
75.89346474243489
70.66536746479947
62.6895533809243
56.649762975383354
68.11075306913929
63.50051997242316
71.58177916894785
66.86728611497618
74.22881059941261
69.30713585036732
76.15063199991415
71.21734278441208
63.77791375456135
57.22989443406031
69.88521459872703
64.48205901658686
73.21070115409269
68.15457401926406
75.380397511694
70.69407116322792
76.90118186458676
72.47402486669597
58.49742554939503
50.740243038598635
66.12479093159408
59.828703523229976
70.21636255076842
64.37808848701647
72.29210898726166
67.36348769994709
74.17757675383024
69.4354517288375
56.57196804397553
49.14236212616716
64.03476937682538
57.8405624238258
67.93072080976393
62.2552991849471
69.93271401705876
65.07822871008382
71.6546483371679
66.97071526320555
57.03697001801963
49.24942809034181
64.48558156641381
58.29074321558614
68.56600356417806
62.64492092386449
70.60442591995097
65.50644157850815
72.17637959135695
67.55675244920542
51.064476815544715
43.18180922364744
58.598286549162495
51.9527933705283
62.9132659414438
56.22215700559303
65.24241463327223
59.08536115483544
67.23708962527827
61.06577133510231
50.39327677311067
43.222067048111334
57.635399777546205
51.61350523427759
61.61507937098205
55.923372186157195
63.71054806942374
58.869761202650636
65.47175262523982
60.687989592051636
56.0911678367046
48.285494117865426
63.65493476740897
57.41151181981407
67.62611635080806
61.899115548906636
69.5176017901785
64.75174598001122
71.20299750183379
66.70127905100452
52.50191700361873
45.17030983794701
59.8604661721027
53.75201010110202
64.37363079581392
58.02068058061847
66.73421180946094
61.03136332639203
68.62482058180733
63.42219376210612
56.05241373816884
47.7752382916535
64.1688855556161
57.4160884406268
68.31360432307679
62.22013377539595
70.54350376907107
65.35580017415676
72.52976749536298
67.52215195962879
44.305271864136984
37.36686823614194
51.29881425233748
45.47810933792354
55.25917499711277
49.728539659294476
57.6970016129047
52.49533337613812
59.87265222058624
54.717738413336804
69.81837262482145
62.17241898749173
76.6171959169243
70.29221355098787
79.95193135779711
74.28323597433837
82.2085629700916
77.06643821465626
83.70610940154285
79.10796734235217
67.04625037953423
59.129266077625886
73.65658310062909
67.41226353220172
76.69699256688276
71.3260057098202
78.97224513502874
74.04882746471479
80.62298432321272
75.99519936010321
57.29165122108123
50.9265982928462
63.01162558497702
57.28050410340089
66.01953765278873
60.43214418595824
68.00959991342637
62.8867186145712
69.16486833111003
64.45262908007139
58.03796630966704
50.315594292228546
66.02499076907814
58.82013083377653
70.43157979337911
63.613945194894804
73.75986713866955
67.3439692226479
76.05592299172386
70.06124479867346
66.9444605939179
59.12862042907029
74.02615786782592
67.7877040591404
77.2722936908581
71.95174543604416
79.56509904095077
74.75504178402423
81.06187188923309
76.76665332873888
63.86239345952149
55.25330541924327
71.57756411005367
64.65966007266604
75.06068594690554
69.07693593396212
77.29641848101976
72.02707015720252
78.72545796471088
74.32860001677184
67.25654988755609
59.20808744317223
73.90086365650022
67.52867895594186
77.33634675573207
71.51783117142342
79.62807141980753
74.35634963927262
81.25166862249837
76.24056223058828
67.05577003477643
58.71418380083302
74.38605934210365
67.5111756411339
78.42412662183706
71.76385171311736
80.99439978064868
75.00220736147092
82.66254772018871
77.44397776041843
61.04318961776028
53.472316041642564
68.02506078576627
61.71784671811152
72.31769134157506
65.7104700723218
75.51797439663365
68.92363967691651
77.86910764891087
71.59674497116433
51.90911690403017
45.73697666573799
57.868845754024825
52.99765497085731
60.722991337176026
56.9104649721176
62.873934889506344
58.9859751478892
64.24861908789967
60.76810073643881
48.780235418148656
42.816803092522626
54.822769628086284
49.853084694671445
58.01600991698515
53.771446203179686
60.25893758273006
56.06422526612609
61.52063231698701
57.91422956594563
50.85512215274095
44.45434478285841
56.621194332933676
51.89687580701958
59.379447501184735
55.72275991814559
61.58624337333318
57.50284771465361
63.03616582590736
59.23789848789737
51.18043286591105
44.65054280995645
57.176758434291486
52.297682316651084
59.992289891391394
56.24170457389357
62.12024719218927
58.33282373849051
63.48102585923883
60.10639308206437
50.43156245670224
44.10432042068143
56.2213178394365
51.58060619743136
58.99877545495442
55.42307992969917
61.19661202603323
57.44310538558772
62.849845318578765
59.15657971092438
48.48294108328173
42.52242872240834
54.14715751382175
49.431667652191166
56.98854143206229
53.08393439783883
59.0378503384009
55.14977399597332
60.22398167098433
56.89514289293992
49.67729397335705
43.122334165168276
55.832461126091424
50.73827321629285
58.78674546520326
54.71142624498357
61.114341710104725
56.94922748625573
62.3583351727549
58.72280849246796
40.429907566163024
35.0700109308757
46.17244851587346
41.38494074977631
49.13500660799047
45.12163982275867
50.90377771711836
47.360334594067844
52.05264403059445
49.05999277826244
46.604184247704254
40.25301970862024
52.42155084416055
47.47429473493614
55.2833450437489
51.18057761694963
57.510028173441356
53.323573777188884
59.083265042204204
55.01927766544637
58.04892465343185
51.481872066056845
64.60610948823326
59.268832067267496
67.72647355562414
63.483259878661315
69.5018094459576
66.2637203310172
71.27472407219642
67.90757381493803
57.25912357794686
50.5938131246074
64.00096572007182
58.54712460764166
67.04500444804258
62.84455787139047
68.6505885599311
65.69263192064933
70.23778991592916
67.28054030069053
56.9762857101471
49.856494361834336
63.5677514300139
58.048831799411836
66.37346945084359
62.17475706031279
67.78587900749
64.6277422112034
69.20084653872114
66.1228628250912
56.623066994338764
49.87420080744911
63.297094704752645
57.8641166316608
66.42199954382657
62.146282142595055
67.90707116067108
65.01424110644602
69.41941718216998
66.51907271249551
57.015024289266634
50.07644239246527
63.98856785197198
58.273337852094166
67.14076627276546
62.70328934914306
68.75119304351468
65.63805421296117
70.48703723046245
67.2294565184954
54.62119006382958
47.99034407269532
61.368387077021325
55.82260648619657
64.52634891306064
60.03759651796088
66.27745650914217
62.80347366168624
67.89294657629473
64.3378494711
55.69727154969269
48.137535041356664
62.61449121408202
56.58193171499042
65.67545593894306
61.09183851420059
67.2928956396116
63.95725131382382
68.9372292609981
65.70605590699073
56.75274776812928
49.843297241982945
63.688480218797494
57.933703297312775
67.00314814561497
62.154730332650686
68.8550589147788
65.12310173230769
70.47587046610562
67.04176838056554
50.56277303198116
44.05832247673328
57.77809801715969
51.64112700067858
61.96754138458096
56.06264935283676
64.31723395064705
59.680397331863766
66.16529761036973
61.6907259212439
56.14091339470212
48.76686091288126
62.137215567527626
56.216025162318005
65.29090693622727
60.08234669568674
67.55914221928975
62.0885453881781
69.26916897726892
64.22476088960927
52.804291506765026
45.41191220051761
58.876336291894994
52.88395761310601
62.150033318881405
56.69535497142112
64.70230068794037
58.769051660639036
66.23518742951335
60.83195407612989
54.44930501102559
46.8818720961918
60.498365958055714
54.48177858860741
63.89572915487243
58.33641243055697
66.38671671796035
60.33077980104796
68.15486324289333
62.6448435836092
54.430450740421435
46.967082443582406
60.8237467857242
54.492417454671184
64.24696445186136
58.36451327161398
66.42471806510903
60.546836812616164
68.15769326484376
62.758793673885194
46.709902050154774
39.11786659644242
54.18781467823399
47.2243633691938
58.6269962921804
51.7694071490574
62.17365053768547
54.45902228731494
64.26391011915014
57.18228783266227
54.88695032125036
47.423304429119106
61.08781257445879
55.0778827720501
64.28781260265819
58.89628442244022
66.40548514889781
61.04233440984921
68.11026315434141
63.104530967703255
54.16666820070726
46.484002965140014
60.310718603167444
54.40369758627136
63.49677601920784
58.26222187336689
65.63262473557985
60.31097175445841
67.0225633421266
62.54367643856676
54.11964381987604
46.22654250385075
60.56808897045287
54.22271592119827
64.03299582201237
58.02469999923612
66.27868668895906
60.38385156354642
67.81712366958831
62.611951835902715
52.293045060001454
44.71327893709294
58.400130918347145
52.338722016957064
61.48060856205383
56.14727833640863
63.61452415520121
58.16978552457901
65.1240212223522
60.410017423103056
64.31885953491985
56.243073844490986
71.59320352374887
65.05081491966665
74.6773566417579
69.2258353175806
76.5765105770351
72.10750379268474
77.56730951420205
73.75747685172504
63.29041714563568
55.05906368157051
70.66821619489016
63.94967059275471
73.85953032816326
68.1907536724626
75.8762896502565
71.14122164531528
77.03079005720825
72.79361080120499
63.49370120957853
55.13158048556897
70.89267533647836
64.2502030347019
74.01651126547908
68.53013277060059
75.77776831774334
71.36180242362202
76.84736308287701
73.02460359996678
54.090814436485445
46.3680341000664
61.26141939358356
54.40606498706837
64.29762996782127
58.413773115742394
66.12092060587511
60.96820418492393
67.23333853082643
62.48695164149465
61.41463738008337
53.05007049981171
69.02937200721202
62.31442325207326
72.43912642318459
66.71180356403887
74.6081937549632
69.70725469532707
75.91035159353167
71.55869158926215
62.400044345007345
54.465909631424324
70.04238979990892
63.10565555508889
73.55917613617962
67.5171140857795
75.74167339659475
70.6216912334331
76.89549026570793
72.49110275255266
45.83939383105196
38.23379208467238
52.76721907910606
46.407604461300714
55.83031125991644
50.39612735355662
57.72408688148709
52.945894903460356
59.0331998649138
54.34704174765896
62.07500931606589
53.65941761007693
69.13981422743632
62.421129459461625
71.78071828341011
66.27011867452327
73.39973746760162
68.85346205059484
73.98668726874673
70.21313120162553
62.682316383622336
54.17982122654047
70.09987233190473
63.405503077683676
73.57619008487771
67.71309168578092
75.50658931838315
70.78603060009598
76.38866753277433
72.53767265892583
66.72908712285299
59.42268476360007
74.07102897623439
67.6039969977645
77.46439996276006
72.09568248235195
79.42102806964144
74.908316555436
80.73956596283534
76.88906825280246
65.33559273446883
57.56611875977271
72.63353735658657
65.83325150994965
75.73982538906431
70.13387621359182
77.50476911353246
72.79852502032315
78.37667052500814
74.66841583756354
54.73472888809876
48.0522813715336
62.31935814310924
55.537849604226366
66.41053080671514
60.024653785971815
68.8744124744409
63.047134075819955
70.52834457880162
65.32852794299266
60.7996529989664
53.065463659825966
68.89506518407713
61.61813270710883
72.82286627892147
66.49727705797994
75.0100051963352
69.5930274967902
76.29408522833626
71.74120493196006
58.2060596196498
50.10287701681682
66.90101339158188
58.700745473975644
71.6476817898711
63.71570168367959
74.50502994531467
67.3117831942244
76.14377597376685
69.90637098771725
62.845559212351155
54.89761159406095
70.74165839474034
63.74375614239044
74.11348519734044
68.58381202376891
76.24242840304916
71.5147090326768
77.36609219646226
73.51372438131992
64.04637091939735
56.399503052422205
71.85074116348228
64.89647673249877
75.61719900458908
69.70040335777806
77.66382319689453
72.82199470555956
78.88162695603292
74.86709888668845
64.10332994371697
56.54378220539997
71.86747962978825
64.76029247142459
75.647188735728
69.41316490670755
77.85268942071927
72.36661993578028
79.20612219066025
74.51708271321192
63.64550293213833
55.62458925569034
71.65697958499553
64.64640624390128
75.30283464833467
69.4432596632966
77.38010565982634
72.57873498016141
78.89554627877462
74.7150050058795
56.9764227744986
49.831311913721834
63.9582041757466
57.443036949385885
67.49766898151222
61.327370215239974
69.45472138136124
63.83444178721359
71.26649406409396
65.44955787855228
48.621373933476185
41.21928612651625
55.952663395069024
48.88705464996036
59.99193732077652
53.02467802783539
62.171104539329114
55.68453650122191
64.16834462192608
57.40094863647347
55.33091709781307
47.92668339021164
62.46137408656438
55.65623330159468
66.14184112840245
59.659622616068745
68.33285623636974
62.157586428303226
70.19505919459151
63.790483729245295
54.02725030634319
46.51368487650207
62.00001650324316
54.95127337183765
66.22056334285648
59.52291410219881
68.62089272463372
62.30702664532826
70.32776481002182
64.56111029148228
40.62714771561693
33.38327717184772
47.87807153946908
40.8419693323898
51.55053855894363
44.78420868114411
53.85075938776856
46.89877543037204
56.04914294661678
48.677433005898216
53.647531397134266
46.280354324496834
60.69424956198942
54.29072141818638
64.07136907873262
58.182003071182976
65.92450219547705
60.51927589043507
67.39690228918211
61.939655424342035
53.520577034095226
46.100721944584485
60.509597716072804
53.69799042985741
63.87912233615616
57.58538048603743
65.82201695832126
59.80261731947786
67.56086766185592
61.566015811904194
50.05372230593754
42.93951853814103
57.57532039575373
50.772486314761686
61.61459500202403
55.22467780470659
63.73548760415433
58.07099249118739
65.84118242402451
59.97370294645178
55.33468478520349
48.096497281939534
62.48443009656355
55.505644187137726
66.29535257737737
59.61428120378949
68.31198117816986
62.22648473213186
70.252912520666
63.93965782279878
66.92766466417548
59.793214898837086
74.43263363103216
68.49825091571665
77.9884598215454
72.74705591328339
80.0393503628541
75.63774330455897
80.74135929023123
77.61758108626057
62.87207285506988
55.61834721669727
70.22336187729749
64.31344463212395
73.3102261861551
68.40218023552131
75.19427147007869
70.93658757295856
75.83344091591663
72.48364404936069
66.11641362733907
58.8686916867307
73.60093693694594
67.72712014304648
77.06535782648021
71.87644363129736
79.06687226949185
74.64089571043769
79.63428938357595
76.5492847532172
58.511903099470494
51.215088700280816
67.13828550990965
60.60217686129974
71.45186947158868
65.67800988252365
73.948074703016
69.07345583688767
74.98951175662165
71.51280790230771
63.46478933485833
55.60849460643582
71.75068807665174
65.24409219435114
75.44633077207449
70.0039101646624
77.50735272375637
73.00062540149041
78.23639436025991
74.96060321333641
58.67749315936813
51.39832394191299
65.7013879238917
60.14284302969646
68.78748888463426
63.94654596620705
70.31123726473714
66.43229697745878
71.07226746639493
68.02386591199222
64.67100489813596
56.94769180669663
72.66868261357808
66.34004736470588
76.29237294410916
70.80269901297854
78.49211322944774
73.79888188870784
79.31837475242708
75.74120388132148
61.45770421099031
53.72692441003968
69.5861674080823
62.891511515003764
73.58701177733626
67.30236724599447
76.11440797120896
70.46506959212834
76.80489697751322
72.49787955584361
61.821860427459754
54.062520704338965
69.26760154866056
63.12754584540497
72.42849368855096
67.00266493198303
74.40798738137778
69.6007351149078
75.06191342063536
71.30215936335016
40.60852853969607
35.51701118754542
45.3214519654084
41.82965230778613
49.09424076705014
44.874335969398985
50.42243328551411
47.27719938468945
53.35843590503776
50.36790068101163
37.64460957393696
33.45999402134912
41.41826241027904
38.36922433375989
45.06223317910476
40.728740649223106
45.82118617910115
43.534135093971514
48.46251722313346
46.336874963068595
33.79506820092052
29.186743067982622
37.71946100056978
34.3251674708881
41.147861185101284
36.86213248815493
43.11193773350206
39.0109264606362
47.185053713641224
42.33385236406202
36.29372584698286
31.593164842386468
41.469354882795464
37.889037145638106
45.77486693185002
41.20051890585519
47.83641987152956
44.58881781397094
50.84281107838143
47.567888932029604
35.52336173628168
31.140920507635016
40.07172997030754
36.953193452609476
43.32008182823151
39.29967482084987
45.55646150009313
41.6995595334137
48.85384805014655
44.008861504555206
36.95581295654292
32.118570774272314
40.49746848236676
37.66562465812831
43.76493548148328
40.17133449494481
45.472644830501864
42.01791754445695
48.45274636947673
45.27211461302672
35.393117148635554
30.48602186006365
40.11026227389771
36.54075712083319
44.87893660945566
39.39438402189478
46.95049526988161
42.383422816022396
49.62069464388006
45.8178205851959
35.39907495956084
31.169586362049895
38.60570170541296
35.883559322517854
41.68153374699509
39.00241544723131
42.754612457131856
41.699767397614096
46.09197398697695
44.20907281761611
36.61481839679945
33.20171101323983
39.267530459052615
37.16277499544183
41.79535474047904
38.535173696380376
42.74188092319502
40.51536965171155
44.82726947471024
42.86943131252894
66.98646739008475
58.66304227362844
74.74208113590998
67.9035287906049
78.38980033537433
72.69647672311808
80.19851551159678
75.54360421745507
81.28170919744584
77.48805006773961
65.40375383696536
56.67452426491931
73.09721376764257
66.1692220470928
76.53960810979437
70.81133914205921
78.34014040112174
73.39246985128092
79.3949012257803
75.13904513444223
64.61577687812434
55.8405376510585
72.567303251059
65.50391690351945
76.26600836614122
70.40634655426115
78.10193790835494
73.20941994254258
78.93033894075516
75.09446974274063
62.57403848034995
53.6945797940209
71.00736911414039
63.40506557514488
75.13142671967965
68.63942405304574
77.22049265831508
71.77202894925145
78.44292947016544
73.97952899294862
64.21630725205105
55.23291587305699
71.96390310105835
65.09103270198618
75.35855187586198
69.6877916739369
77.05860313547782
72.25363245940449
77.93159174824316
73.74137848289391
62.705349191053536
54.07967151241635
70.7179002514704
63.711461291778384
74.8321809447059
68.68670937690094
77.0106806302566
71.8048734203597
78.24862590826521
73.94830898342805
64.78799121495886
55.64429043497766
73.26718422243322
65.71629685055468
77.02879781855026
71.04032601768489
78.92829727288193
73.91871702575034
79.73109211759807
75.76781808766762
61.68279701862042
52.729128653649106
70.51689704449964
62.98815917656945
74.6556130218817
68.57605543374076
76.66891445500389
71.78762181305365
77.70515962268294
73.95993874515511
58.472752987438504
50.16341705128124
65.86582412946763
59.267061012092725
69.02111461257196
64.00503930509474
70.46036744608139
66.65128839064513
71.41618100276989
68.08329303701119
39.46482454390512
32.923584289002086
44.62445322035261
39.81150262690155
46.45501795942588
43.014993799310616
48.53248599986303
44.84342151752039
50.36108283685101
45.73233762406838
39.7016247511038
32.9240717727847
45.22668167752991
40.49824059647412
46.91921566148124
43.710494983404644
49.05182191324718
45.634765198959094
51.0904428598342
46.092095616919025
38.270776195541245
31.863305786431496
42.38769535934574
38.576445038620854
43.93646774254767
41.06278137363376
46.02438197459253
42.703475270491474
47.98426603132639
43.61679186354741
38.20846341949381
31.39976961677309
43.94639003269858
38.57261482677522
46.35296674878763
42.030011277479886
48.556780751851356
44.40509982784756
51.14220998088916
45.36096143113117
38.998435818778496
32.31944871999015
44.004157047216516
39.68437620456561
46.20502999121435
42.91220374140819
48.563446658538645
44.89161659536889
50.83592484143074
45.52431387256755
38.34198400538082
31.90848771878304
43.77810505072867
38.57792754267702
46.20849100577868
41.6567622450263
48.66960500763481
43.738056289860374
50.87505829483708
45.168982664973626
38.66987373467564
32.21771780473922
43.64073503040722
39.11777176211279
45.760139289066515
42.15713605303853
48.12749580802508
44.33277734505421
49.88775798547569
45.77033874332715
38.34897646927769
31.774498985229837
43.60327414089683
39.02305668592388
45.765864232748854
41.958227335484125
48.38978539234016
44.03121310560232
50.15396535565073
45.30210981126924
38.458473979942156
31.929164876498383
44.35945927834507
39.04972180218101
46.28184551121245
42.5152289335767
48.63780762586428
44.75300316269005
50.681954265630225
45.76336264597182
70.85385761087011
63.70079547823389
76.48553416779981
71.08021744166626
79.31319442991122
74.35546020411675
80.86764019267338
76.58541165518157
81.45660785763576
78.20344180561696
70.25045590996477
62.91657396334818
75.82411103952136
70.39199791989685
78.73447029072315
73.6458412066199
80.17097464972097
76.01392531777186
80.6494787545037
77.74481099039036
68.75365987577284
61.37689642346109
74.81889881683722
69.21947869573084
77.51211022634236
72.72276361594056
79.19840630795196
75.14907007666653
79.95199777364823
76.71233234199673
69.20712735454096
61.41741893269077
75.75277755936673
69.56215070911912
78.9436501265436
73.38927212527156
80.600657558213
75.81174114509399
81.13337111003567
77.53424100231857
68.80332323475852
61.68290731304589
74.535738691971
69.01972763496371
77.19070514568688
72.40792266811712
78.62739563872184
74.64946198968119
79.30415866501916
76.21899667623897
65.11654295948146
57.93217180903814
71.3642940773465
65.62242952728718
74.73285745252774
69.25940434249407
76.77307646974351
71.82200140692086
77.64073118728285
73.68920509623095
68.65034558682595
61.176078707120475
74.26497592790365
68.6518232167901
77.05468227632251
72.04867091135975
78.54617444495162
74.17728442259259
78.94164817956263
75.81925290456114
69.34334818312712
61.67104158913881
75.40920023873781
69.54975301845654
78.2674053667883
72.97839453973573
79.78492737384163
75.3074925747703
80.36183626205708
76.8676254889353
65.70160277702443
57.97307238507538
72.13466946203933
66.33113840402575
75.59970912084789
70.1724064108451
77.54756837033395
72.80125208343755
78.47371253417168
74.93635518758093
68.05056851896482
60.96694921335886
75.18229274613081
69.57490568790318
77.57083313249177
73.53803951663802
78.90011735667511
75.83799728056016
79.4005097480476
77.29940660540778
64.0785325434509
57.14976253067556
71.10385651219609
65.4384746717374
73.49354129149599
69.40188616793401
74.75556729406358
71.56020943802098
75.19255489969879
72.9172079168841
66.22433927931843
59.004574838090385
73.12749099843329
67.62000596243544
75.48772764577156
71.42302409613828
77.1231061939006
73.58802375771339
78.13353459832022
75.03391645810386
62.762470713133276
55.34791607555663
70.866461270722
64.45318514627641
73.9496168576202
68.9755306367779
75.96278236399118
71.73912518375103
77.82821574774552
73.55304067764993
65.78542081824064
58.37255668635244
72.88586058287517
67.23991777239273
75.054612689915
71.15296516925001
76.5168797298641
73.24457865600267
77.41240570958348
74.49875212017638
64.58519885084833
57.03105306977341
71.4558527246766
65.84252738757345
74.10813666477173
69.38761279791592
75.61088104073647
71.76721604928997
76.43013699917843
72.96105288141759
-89.5578116422796
-2339.2811837088857
-583.5245072598232
-5538.19748748502
-1375.330215348228
-10929.358554807164
-2916.805138826831
-27822.668945696365
-2288.0985825490675
-35198.49403934114
50.16090391899832
43.54351993981395
57.713574737921334
51.452934169893226
60.790161529947625
55.764066418854206
62.87957050289297
58.339398980452685
64.42377460140901
60.45152190690142
64.74347505614281
57.2490834644409
72.47364744521896
66.55819993229562
75.28576623306233
70.92732625378373
76.81242083148514
73.43265981467951
77.68110707704201
75.1090634300302
61.50171324140803
53.5493758677976
69.3510521019352
62.27703502732107
73.42835546005912
66.90589439957462
75.81997857549774
70.12715860811913
77.25952887881765
72.6731308719407
60.68236904145963
52.50437591199484
68.28838639782346
61.29658653554464
72.17092053824447
65.77405636486746
74.36128952121032
68.94847239885789
75.66287896413864
71.33043529912499
60.41076844632992
52.58029114457323
67.9582724714908
61.05466307965337
71.88070690934748
65.56050300329179
74.3546843321103
68.58112851373195
75.8132615539029
71.17030021788065
59.606236740907235
51.74765814977733
67.57114026060985
60.590886461348006
71.6232513824792
65.40544044382442
74.11523651871856
68.67265277400423
75.3728154247094
71.17902719574441
58.009601531416635
49.06099034143725
66.49042315144867
58.369280473568196
70.52926348635405
63.57722388372575
72.82898240656303
66.79742783939331
74.17368203270269
69.1944367948855
52.306066699450035
44.044001126976006
60.893073116382226
52.60946824035351
65.5212911678232
57.335419644463904
68.43329857375534
60.71372759921384
69.93012159271174
63.162181864190295
55.99169010506424
47.91183874549567
63.78557886274277
56.474953591983
68.19836151944882
60.90654940646721
71.04688398999711
64.32406146220477
72.71828775175024
67.10815320952484
58.32259278071644
50.26932010386596
65.9539797846599
59.04353978473373
70.22497110643818
63.49796373763487
72.88582243645524
66.61328186112021
74.54942362402151
69.074355381789
59.846940149525906
51.43859696625492
67.81625183022742
60.875813074958444
71.90047223161547
65.60181077677625
74.70554915222294
68.77831710457549
76.132268284856
71.14190591045097
55.82318128011761
48.12612932895244
63.22419328658763
56.83973911073751
66.01307411722584
61.62725950320449
68.13175819240764
64.20542791788426
69.62667375602632
66.36649648177603
53.89799536628337
46.55332731998243
61.39384396598084
54.949104063374676
64.30152672775466
59.75348422292577
66.43297758263564
62.48359317303704
67.97108053451804
64.48377428895682
50.65829987866985
43.220392559484836
58.005071255478754
51.17944919555364
61.27050244666583
55.64419321970504
63.620973250247516
58.22966140788495
65.60432016385795
60.68509589219744
52.6760522075878
45.08150659654358
60.10348988977837
53.48940411339924
63.00756718885692
58.241628426493094
64.91793953565941
60.97812092724397
66.30928081568538
63.12650460892382
53.220642807095444
45.278050835992175
61.18894303485833
54.24075367049925
64.37083527485603
59.372416733809786
66.40716834157531
62.29218669236316
67.9144292553978
64.48743974163125
53.5683664209006
45.375211246564206
61.554975611956394
54.63701361618728
64.39787845848446
59.74627499173152
66.39624196741097
62.551011808319934
67.91194426688415
64.75547374981338
53.35816748211233
45.82045088674661
61.48583283040703
53.987184110861165
64.74559223704813
59.420195434044665
67.3605908890789
62.4278806040228
69.24532794435854
64.79615410731756
48.16630116164612
40.52008802253181
56.06849479749047
49.03235454422564
59.34066721594115
53.7925290438338
61.59804484678093
56.56314680838198
63.33233805651752
58.9079044632981
52.99677610940938
45.46551000441863
60.58891152840539
54.052358961746094
63.65017294280916
58.89626589804787
65.71519353959343
61.6355717432903
67.12932230256425
63.83262775672909
58.08250251285334
50.19571699661971
66.07264283544978
59.12055038321456
69.82443220039912
63.71753826734435
72.280783880501
66.9954768359463
73.80401336343556
69.21977455256423
57.13565403925895
49.25434358709141
64.93223855605041
58.25042099886416
68.54990600337027
62.689867375146555
71.27240704182492
65.92229343641571
73.09856986706902
68.2168916066544
52.56407158068863
44.63131270641292
60.768934559984565
53.53341015601119
64.92551288775361
58.130094509053045
67.72832783519948
61.504001177427035
69.6543504121466
63.983922461003
44.559309210445406
37.18389402347655
52.70540290457506
45.476871749346714
56.56381740328451
50.228264998139835
59.21218294895068
53.63897629354231
60.87095882476077
56.01357221959171
56.10621715847607
47.90415656979597
64.23321078907921
57.16053975196138
68.31679278254119
61.79604753369266
71.0938853595537
65.12584050037913
72.72721461592258
67.71530184172252
50.90123162799094
43.35939261789422
58.67994698780229
51.619720019869234
62.56456492507911
55.98810289803333
65.44714809541495
59.28295270517342
67.40151615311017
61.56249980661639
55.896487977969045
47.77021067079885
64.02274481977494
56.85149595438202
67.85114202589395
61.416362190164065
70.53879061337155
64.70436470940717
72.10982444860969
66.98002008093735
52.93301607389215
44.72785413372492
61.277426452740066
53.3715674391179
65.49198916980217
58.07662525108499
68.36769628547944
61.533626364505544
70.46389880462553
64.15191028737945
55.68958839213999
47.14604242456263
64.15137634003598
56.74533854040254
68.25423537580154
61.66601320410624
70.77149270705354
65.1212637842044
72.50302731424402
67.45570858035347
58.39602824729754
51.253226216507855
64.9335681102952
59.09182262065812
68.41429843227185
63.001885609411545
70.6491560525083
65.67108392576135
71.91162351088923
67.40924711235301
51.7532600546563
44.23402044988426
58.68636049897875
52.04145949944874
62.28495433862176
55.958966356241355
64.608131787729
58.7039605404475
66.11614507193673
60.34709069820205
57.72102325182079
50.11936937586401
64.35588582903553
58.18282528796501
67.76250762396666
62.22582280427129
69.99419512516994
64.86014621751876
71.37296991551615
66.56698226229933
49.54743239180455
42.191680077673425
57.171389732776845
50.46005386200587
61.513021835650285
55.2569961216427
64.35057719170413
58.49889996556743
66.05488923120811
60.5632709568692
47.18290572430492
40.07013074463109
54.4279889978866
47.8353263598886
58.29560487974727
51.94292557251434
61.018846173309015
54.86766001512987
62.50279256022368
56.72616532666367
56.076364231181664
48.33808807843455
63.16389617628384
56.67039575389459
67.0180671043328
60.88006602277629
69.53698076959516
63.827639754874774
71.16126042768582
65.8016287701708
56.461260084427046
48.75057867865474
63.58746984076231
57.08756493251017
67.11442836877227
61.24769894315808
69.41649547182143
64.10516687772115
70.74859413091107
65.77676282499496
55.75497720872015
48.20617933597738
63.01662987916181
56.325672284717655
66.61703038935119
60.55319542580384
69.08650945840058
63.40203409154047
70.5964968556666
65.1937760681927
54.747506568938235
46.68838245814896
62.25905296358209
55.2407099245531
66.17955308630283
59.53469745423375
68.74957701577753
62.526496177969214
70.02157964982798
64.54178913142934
53.404912859477136
45.7811045149472
60.41813874444332
53.35743779411505
63.53931237648891
57.45672651963214
65.28980899657046
60.40996489725079
66.90435126932897
62.34488627907338
50.18964107600681
42.767434548309666
57.483177489167424
50.109961107439595
60.965210146701565
54.43674556559809
63.122544364711764
57.58099594457076
64.9696144198228
59.910664665801626
51.87564708481602
43.94100869591541
59.361704860232166
51.89018411065183
62.7992896723198
56.24961048073829
64.78761016107593
59.40933215361771
66.47443794527194
61.45023813403911
51.35301635394933
43.732763866636525
58.24233867855489
51.185476873804106
61.32477028723233
55.147134210124385
63.16633006549905
58.02378457183303
65.0252513629529
59.926864524134224
51.92276680987112
43.83435009181261
59.480172454769175
52.02399184945888
62.69778766904401
56.31228293764603
64.31760504481394
59.49033285867398
65.86031413806967
61.47020687987453
52.365709790069936
44.14766743510078
59.789232187738925
52.06508878957099
63.01122639228414
56.535811588552484
64.6984439292174
59.64445031159459
66.22650512574398
61.590968097950594
51.91136026167109
43.95254446810439
59.60111822289251
51.74500692358289
63.06399297206369
56.085589978947304
64.85002442610623
59.35732805751599
66.42990099136415
61.23824231547743
51.629641881838616
44.000542262543426
58.26804917853209
51.614317550307454
61.31759205889207
55.65487373432772
63.00565823985016
58.5013121331054
64.40292987352287
60.234068836724155
51.411596929838346
43.37283354575643
58.92438528061075
51.17114403241017
62.13970022059427
55.56807057759219
63.7835542433602
58.732687421758946
65.06830783871148
60.72366678476997
48.36099432718568
40.54052164266945
55.978047087336236
48.6524084534195
59.97839138856443
52.88792820651307
62.466380272518826
56.0516072994828
63.96217426135561
58.288305429903666
46.87396697615092
39.38203836628521
54.25149725865218
47.167132052446505
57.9646494011509
51.302020540143744
60.26646595923106
54.15804539418261
61.62743547268601
56.38546603581693
44.649212088508406
37.35766095629375
52.04374118467832
44.866573888443284
56.195741834450544
48.87865652639671
59.14639695231412
51.99245845257706
60.915122321152836
54.52423599851941
46.719415735151856
38.69420535747693
54.58131501523038
46.94074448702653
58.77532753304657
51.29109625135471
61.67667537638128
54.43940976695782
63.29681215420963
56.73161460712486
46.53175845572554
38.59054759973992
54.37273142317807
46.75450111410024
58.779498460872446
51.18294509214068
61.612487933040036
54.477889399432414
63.45498226447091
57.11374846911548
45.06149062116488
37.37003335644672
52.89414996536153
45.32497200231674
57.187031870224025
49.67942125051034
60.00920886984268
52.99534656005436
61.91572835178113
55.789635749346154
45.31506154240756
37.50543188006753
52.86627085119632
45.44450884653533
56.77781576692708
49.69696769821462
59.197682922193096
52.786975105793466
60.777787339808455
54.9245137598962
44.86941336099041
36.90976836800017
52.79635675764509
45.05147534773649
57.325382222776476
49.33978343485157
60.672905057936234
52.83765740544686
62.5572771189187
55.492418066878926
36.66656063557659
30.421161263318762
42.874862968190584
36.498696453880655
46.15245987577615
39.891547309626944
48.50206507583149
42.18850212651828
49.77398152978636
43.741122619721494
60.81750600508816
53.64978765678687
67.14940894387146
61.48946118947749
70.26790084209918
65.38047573816978
72.60984638155037
67.72442192616278
74.1980780555829
69.65917524513037
59.932954054576214
52.551159943367786
66.5620817600446
60.641577065029416
69.77255441851098
64.67552705287922
72.22232556664123
67.08225503202891
73.76680636607065
69.16425465513476
59.695120952554205
52.20716250056843
66.29822294957552
60.30767404060305
69.43592192705779
64.33059905075153
71.78375743628325
66.75673912342671
73.39484498549696
68.77249408472952
56.76124028640835
49.23269765892424
63.92365301732782
57.46821397994877
67.39247674852736
61.92743215132095
69.97803264137312
64.59081325311868
71.75395493933941
66.82415264195984
57.97659438541329
50.49432182770701
65.232267919088
59.13961972164614
68.73798046945903
63.636686779504316
71.28483386160522
66.17018869802291
73.08157652232651
68.42397859899876
54.92262138538211
48.08767335584324
61.1799100926038
55.61354938870965
64.4349020746645
59.31384832772114
66.84457104758779
61.730521199928525
68.38846563923403
63.80258879226295
55.98594390197076
48.9405503620634
62.49855120990573
56.591792635038665
65.62160334080758
60.57399831234187
67.86540870539541
62.91682920080752
69.20896395717982
64.68116418233816
54.14114205217295
46.90194768830551
60.97652018276679
54.77059033787397
64.57451743534402
58.76704773129706
67.05773544649396
61.4128527757126
68.86090183514521
63.47266408711343
58.60092565408919
51.12460862317213
65.55798893882687
59.40613664681251
68.73547887698679
63.674778287777364
70.98045789030436
65.89471953475316
72.50968513384082
67.90134636492655
50.26340465308945
43.459195608299694
56.60498779998376
51.02625358705994
59.61866009284884
54.69111503682515
61.30774030271225
56.85354023774802
62.91642876886612
58.51017230325275
46.42039360786321
39.4580404891129
52.62330993986177
46.98034551235545
55.53787431960524
50.4771655999766
57.18136666041268
52.61399641397
58.8658313755418
54.141337406667446
47.174591501466956
40.05348799697286
54.042708870051904
47.892334852390576
57.58595577536132
52.04657466620676
59.68206752615033
54.61639393940765
61.662878701129365
56.68635913291561
48.253592726087916
41.09405072345196
54.86357922002571
49.013189416090206
58.08314735528752
52.811710099112084
59.71737410339952
55.131726455075125
61.31491184692881
56.88116627885087
48.82562795526665
41.73076450096792
55.44645950770677
49.57116903343791
58.68084971189851
53.32220600020056
60.54941693830749
55.66603770239046
62.340428794748036
57.34049776258849
46.85066428469974
40.038502291949875
53.126869837992174
47.59696058040846
56.32351019779951
51.28041225721077
58.30365980129522
53.756056926430354
60.08739424464202
55.447497085945884
44.223161686187204
37.171810976606665
50.92414071550693
44.74158087848868
54.68293828918098
48.52990651597145
56.90751206532547
51.392635418641795
58.970888548071876
53.504304232485175
47.173671833134826
39.96776385721345
54.07720670091236
47.951537325334535
57.26534617694776
51.856714400693434
59.23973374653259
54.257515516547286
61.137802320097556
56.11283158486761
48.041249618232804
40.78237602247313
54.97311116462912
48.72347112208567
57.91125464491721
52.84252601251511
59.471317808554794
55.17554575542901
61.003711068468846
56.853438967492686
45.8334513578182
40.617275368751194
50.12750361182228
45.67413352953268
50.73956170366789
48.06932832716058
50.215743526354004
48.977130602447886
49.45545246126025
49.30629709115575
37.11709918675906
32.00579577636403
40.48133822421307
36.247840289055375
40.68442345473533
37.918638109058456
40.33501163093378
38.16954383043708
39.45123626557159
38.39494198515892
44.75066034644024
39.38466659057468
48.84444641689634
44.07352624519682
49.288419367914436
46.415331491841584
48.539484702419955
47.1917664252034
47.98132712889978
47.33123827816733
43.851707128470316
38.7590181770707
48.00444679505783
43.25679568440697
49.121306016023794
45.36690168185871
49.39389607389928
46.4166026448032
49.021530018981785
46.97777167016175
42.43655924855948
37.00015985499556
47.434513042058725
41.9217502577101
48.818964963554464
44.514864791494624
48.80101310969525
45.877937175953754
48.77418525052645
46.781982816128284
44.39343355275129
38.82459824326781
49.40116187937797
43.938182678664006
50.55153997002462
46.77343055474987
50.62590778891518
47.97702878728223
50.31918004758686
48.63981093168647
39.865389026429874
35.49972880771306
43.39799502323214
39.30322351702485
43.70794646068914
40.95641529108753
42.97530262111299
41.78548029042493
42.39612518278162
41.87845984982306
38.64900760873905
32.7663859530868
43.82624471847962
37.923250393737405
44.69752935231372
40.670137055824625
44.003070512191066
41.95374431183721
43.345179414773874
42.308123040815424
36.78402016025466
32.13621345021493
41.38562286632147
36.670559991080076
43.06682562716128
39.27688736497738
43.636960569833846
41.06150528181044
43.27119500567961
42.1390240267272
54.75345586755095
46.89324399051049
62.78943207827902
55.40706067758562
66.91760753532643
59.94275215357787
69.63675365283002
63.310913508789504
71.50549332383311
65.67528333251096
48.1157455707816
40.63419075221844
56.17320809738591
48.64734819286475
60.530203703048926
53.1745614419814
63.551923665720736
56.607336327012405
65.71497113922511
59.24710992374902
50.62053011526969
43.053784447124755
58.79283277184143
51.27270358512707
63.2690491251813
55.980742685965446
66.45664154022309
59.70654588525159
68.60860630255658
62.31210299855461
49.671068242531014
41.50114415162533
58.121159920117115
50.13220574481849
62.3193129592818
54.91610937487869
65.03501455637696
58.28084894101655
67.16586488708975
60.86151384472511
49.78058749987376
41.49719423063621
57.83420793618179
49.95817675654598
62.340599780219584
54.439842460122456
65.37647641200303
58.00629405815834
67.55936734028786
60.441053518329056
52.81134995481804
44.73863502675688
61.17208886995014
53.367552163307664
65.34638554569932
58.07569810009778
67.98185131709427
61.611197314729125
69.85369667686247
63.990836989752474
51.315860988930375
43.398742172475124
59.66280269364712
51.83426665151727
64.11014778281226
56.66218046763871
67.22474491550275
60.24510632906808
69.12035088521809
62.768051038344794
51.60633837416702
43.467208406484495
59.92275613910917
52.19923532621914
64.27288241880984
56.747097416017866
67.10852877985994
60.34994103502183
69.0004864543753
62.87204726363937
48.07221805384637
40.21509944792881
56.93541053657718
48.75265156621008
61.85008485559101
53.953407702428954
64.89571052957814
57.943645265535395
67.13915415754936
60.673984124394906
65.69157682007712
59.37246388170596
70.759525871682
67.01007626817915
73.28257475243049
70.12804885470976
74.7758404583542
72.11857085469191
75.70805370866783
73.4162408398333
64.09110721182142
57.936870681234566
68.85907053027532
65.14081201765796
71.34476883668088
68.0590569167787
72.87566985258275
69.93551199830881
73.88873453557542
71.23065779256471
64.72271684235466
57.87602776626203
70.30986078558433
66.04216162002064
72.87963790265033
69.42799211988869
74.38477793368423
71.40451270444514
75.23515918183466
72.74157600188762
64.94167378914888
58.209637425448555
70.22038593934437
66.02089902506123
72.70717955038974
69.25668531646294
74.22363259990439
71.19577288488728
75.36213041895672
72.47568477583242
63.81058946469933
57.01649238311457
69.29561621581163
65.09039721862868
72.00030269701669
68.31920519869264
73.61628603615442
70.31130627048702
74.57055580138308
71.63868420375192
63.2109769391552
56.530082793305645
68.76671884198494
64.42048705312342
71.45428836614143
67.86898005566093
72.98678492569728
69.97118777770692
74.08282461219513
71.35992564817684
63.620384995343436
56.77596597230207
68.79957661162864
64.69291932336014
71.49160814224996
67.89442765541145
73.05488676312788
70.02577228952612
73.98207963431831
71.36368699788854
62.930342043981625
56.09770803369039
68.60795175946446
64.2755325510646
71.2187472099294
67.63168032078802
72.84344494084245
69.70988845129516
73.95008610742038
71.13949518096973
63.75209444926855
56.91795953458647
69.34760345012944
65.00771868398947
71.8516297380458
68.34997189378899
73.35064540526812
70.40617776341543
74.3659552707697
71.81966640485622
51.94083118107232
44.79317592956596
58.4324433658582
52.987498660952205
60.509232869074395
56.6204538230108
61.272746028339895
58.85377370219729
61.88081278755324
59.80661545967501
52.07699090006428
44.461082076265235
58.6380422752379
52.9911159329552
60.57056687963407
56.74251821324566
60.894272489614856
58.85815934896679
60.967766377332644
59.669839978751185
47.92230688114015
40.82723648005301
54.793154668653266
48.965885784592224
57.11588987081855
52.781755975437505
57.84708835226087
55.1694446291624
58.76196575924835
56.24989631815577
46.47167608073649
39.30756698979805
52.947846429417524
47.63989836505695
55.002333666737904
51.38995363985639
55.9518081985799
53.550870832033915
56.48582443432986
54.48052086056745
48.262804157811765
41.38940124263468
54.46503456910345
49.07218807791776
56.592084418064594
52.6568196520731
57.28710725847627
54.77479027646134
57.77307352961191
55.77836579585461
49.927198202307686
41.91851895515081
58.335156927876895
51.11396792096456
61.383303823160304
55.779122834954066
62.42032908906903
58.803815571796946
63.02081506038775
60.59758118813924
48.6170387781987
41.21494429007605
55.86052183688564
49.39522963019785
58.40156059183277
53.63851176780887
58.77717250773404
55.98960844179732
59.383903595884505
57.25838229825292
49.437791874914424
42.25566635064888
56.47374718045424
50.31841228129792
58.557145934436925
54.418120943592086
59.27622876393856
56.779343503336776
59.71523259388392
57.74811519423236
46.65673007246641
39.13941763148071
52.898106316490676
47.23886570397456
54.771871352529736
50.58439631748308
55.855077804060386
52.35489334179786
56.204714190768335
53.13299677291907
55.09398353343447
46.375339066738384
63.68513978890464
56.40028055057499
67.19201902209292
61.41903433462221
69.26134905113958
64.71388954617146
70.65287193498226
66.42499496337007
52.93943580140375
44.67163616533235
61.39235157621189
54.245455604985374
65.08252469459008
59.05317731890851
67.28778579713159
62.37031487512961
68.90796079479864
64.18426079582306
51.98988157408457
43.51582278521157
60.878463848286636
53.410876805658056
64.71010353996698
58.46736659735632
67.01130801642411
61.847236514406575
68.58241835856013
63.80944311940452
52.380674485900094
43.791731146628585
60.98183032963368
53.582533722575754
64.77660755076477
58.49244499103503
67.10649847064873
61.99293013117967
68.53771770659345
63.932102637715694
50.70324267778559
42.214707164315946
59.96043198503329
51.996180862781316
64.19320065353249
57.322693569423365
66.55574905334065
61.07309783645527
68.4072383385586
63.117741991725666
47.69965691002296
39.46627033963637
56.30773033405967
48.88064999314531
60.064005978396665
53.826693368802594
62.23790039785909
57.28785768777285
64.12124059454311
59.08654003478404
52.68137823375623
43.96025537192199
61.2613030205877
53.982800272843456
64.80791337520682
58.846603150381796
67.1089248740667
62.172409400335184
68.64727004641638
63.906520202196404
50.351502824097174
41.796875521067555
59.30621026404634
51.616767489318875
63.407980497691796
56.875394396432355
65.81716851446411
60.60069550147771
67.43366955873522
62.65067596870961
50.78901170342507
42.17434729711604
59.80602532641011
52.20736151004306
63.40347717259187
57.463455587055144
65.49478868276654
60.85944314624723
66.8873391546589
62.51802363596786
53.09306694992907
44.26341248807072
61.68205050024535
54.577340176923286
64.90391453259133
59.667376652945414
66.66687152814089
62.28597383847144
67.87183017069557
63.73829491936276
49.596875006756555
41.32676707270891
57.94181141308486
51.13452431168476
61.066493666697575
56.139791892916776
63.06130116704085
58.52801713694098
64.42644455573709
59.935168874420185
48.1797719364203
39.536550073433894
57.070676159870295
49.49686932313549
60.197935867515916
54.77636502940126
61.69581546634968
57.40445028485156
62.5512741924242
58.540251741358574
48.01881406352806
39.76233050133386
57.02872405303951
49.75426593682029
60.59581310979083
55.223439246293204
62.416060682064334
58.15193892981036
63.52141218922497
59.554040430227296
50.25281641110322
41.61556873249722
59.138628537338356
52.064761987223385
62.58069660718577
57.26986518973529
64.67320180979861
60.06213339576654
66.03216648781182
61.68158331087877
46.93847469350671
38.2779260955654
55.71861183374443
48.44867262904783
58.93640495378734
53.752391281195955
60.60556756834953
56.46314831329197
61.99957757896808
58.156396490744456
44.64994523996217
36.63955927563545
53.107779625655205
46.338596578285006
56.674882323732525
51.32917875626983
58.42460857573097
54.170988163674764
59.38248891115594
55.6883965348971
47.69062318638597
39.267606108418185
56.670188791714594
49.341509576384865
60.51883951519582
54.92913680289975
63.08092101144873
57.905393764456626
64.62592305724245
59.789715384677535
49.655390283146176
40.256331276687106
59.32708589560336
51.132074717884336
62.75215244350709
56.94210994303403
64.6849038414034
59.717899933671006
65.61161444917269
61.20343987136599
48.29053192012631
37.78521281039928
56.593666468718354
48.10972727545648
59.27046760571453
52.65528428755844
60.231847402923755
55.56393031437096
59.636709537369434
55.94699981465943
28.33861836558641
22.146838290124048
33.80488900873291
27.51184098566297
35.534738945508636
30.29517504358481
35.475879962351144
32.102544766693356
34.329944872204585
31.857226216596345
45.12574656088475
34.88204964198084
53.41360545405956
45.01373824631977
55.8284969631749
49.68308310826033
56.7697394464183
52.260143934052074
55.63178334977581
52.45154147733337
45.12059699356696
34.94528439943093
52.975986445172495
44.90365747566627
55.902940855343374
49.0501834988711
56.98849323353537
51.86532079924746
56.32285912753389
52.301893982874745
45.446412425280094
35.47231317626235
53.46139268661282
45.48427071499138
56.1990847287263
49.986116668731086
57.15833895237363
52.46851004569817
56.340751296615
52.41141880477842
39.00311114363816
29.77759960408184
47.43088043760234
38.63421677123433
51.262925315827346
43.17386356331675
52.45998139562287
46.6723529263563
51.88523311764992
47.860082517756275
42.26169016696625
32.06665935423993
49.74161985933356
42.15311881148721
52.80316674648233
46.47028259121262
54.26717532520494
49.08325565403203
54.618279262499755
50.16218307619914
40.81620228636571
31.071958706124782
49.43018239320577
40.80783353302498
53.47731417876891
45.71776184000031
54.9915459128411
48.88592762171604
55.096284835976974
50.40113973340405
45.215431611320255
34.47044058361804
54.21266350208258
44.86503044505368
57.740834290525946
49.95906322461499
59.8990081628594
53.11373634944543
60.296760972657125
53.787835165179956
41.917053680015215
32.9545033015501
49.392465463586355
42.028943906494945
53.776735074081984
46.71860882181601
55.9089244982929
49.60215599460383
57.09985906339147
50.969633368501675
39.70370714140273
31.04268568741312
47.77764169916041
40.3384970858929
52.18499706908555
45.542742151476354
54.11666886308571
48.92326768793459
54.70945304207224
50.37309002492654
37.78976029210253
29.553659243339638
45.34713926966546
38.32302878365033
49.704032942671596
43.165349448206925
51.83040751372864
46.420248827256806
52.82649177711478
47.77629857795274
30.284023181526067
23.327103507407866
37.476118751011676
31.094273833068485
42.62821872697867
35.684061313297086
45.31072345125604
39.796031659886836
46.80956859528958
41.88220925770621
33.55192376729808
26.107280829703118
39.72134755926854
33.672051962925586
43.70153502843309
37.60069535100713
45.239020674816786
40.351316461804345
46.053031662394176
41.500355801038666
39.501821362273716
31.251525632040444
48.05903978499509
40.170515430281675
53.20267329467866
45.43518008067405
55.66804636087517
49.034250155114
56.43606622238602
50.581095290383935
42.89237456706535
33.90010553484642
50.91424697032805
43.56161486165948
55.6948835568829
48.59071854407819
57.8519633196493
52.09130725177506
58.492224500123015
53.70354980765618
39.6590364450197
31.212623445203924
47.70429188587563
40.42711076377572
52.05187811778639
45.65286786095153
53.831478440861034
48.856637414232
55.09485502313657
50.26437445595481
39.12354072172589
30.55297422833183
47.0567693629859
40.173614272096415
51.52735246407896
45.30952266545307
54.255588469311824
48.77623432317867
56.0003726637653
50.84705576537487
46.343904478446596
36.615808895503775
54.0391292660883
46.93643620072629
57.23259720316434
51.8057195539225
59.7545652995531
54.53815057460143
61.64419647676078
56.25084558546296
38.999308542610564
30.41568649883628
46.06359355256764
39.53049554212791
49.527006118519544
44.082099326487466
52.94406111096861
46.79863432987921
55.53283430733607
48.918434522592925
44.03328146315999
34.71997864222012
51.72404025883368
45.00552330311772
55.05328644181653
49.80903487291564
57.90256344232835
52.52361891182802
59.62297753482003
54.37867999357353
37.695502004489526
29.549618672964527
44.706482263492795
38.38910189144181
47.844680586965616
42.749939341222166
50.873730907446536
45.5688407519783
53.342211389140495
47.784866300775974
42.667527700870856
33.878303674338504
49.67941515945651
43.55819182472269
52.73739702544409
47.820908924050244
54.88401337991397
50.42375258460402
56.86376254101796
52.223049069094515
37.049808688533744
28.35694552416629
45.05398573721481
37.828434082012826
48.55205274329685
42.79838896472788
51.37322736180829
45.7352713854505
53.9705757864869
47.44180084172922
39.61103826668149
30.842322095816556
47.1921917568759
40.33194345043386
50.28196910953015
45.05970339958445
52.95703880639974
47.88994066429804
54.947458262963124
49.519477207722396
37.885670846829846
29.953436467576232
44.500266479983544
38.66436858968203
47.54210027395593
43.058610943265585
50.239863647197836
45.754347058962864
52.25134825715778
47.09207533201983
43.34878517467444
33.92427834072633
51.23308953292798
44.044039261832765
54.78316100648806
49.09700783460069
57.554295878161874
51.87273731494344
59.54207503562259
53.81103678238556
62.158910605786666
51.499735416158686
70.85604924738342
62.79128804508078
75.61576477389018
68.01581013506677
78.11402722330848
71.92894476239249
80.23074744615631
74.16177213384854
55.004535787206684
44.520865203461135
63.89991571164168
55.868154581591135
69.07132721559123
61.303096851233875
72.06286933074597
65.56029916415393
74.54653468652572
68.20704763853693
58.64608591763748
48.22843672809414
67.7032599250919
59.26058956366638
72.73101303121211
64.63350860653607
75.48625734622638
68.7192782531834
77.41179709797211
71.31406111032656
59.35369805318125
48.949669681360895
67.72274229215908
60.20558582515354
72.11651758973325
65.30850820145847
74.60004336229511
69.13853198080997
76.60187891851815
71.49669679682586
49.91372470190905
41.002323966065276
57.53435787352843
50.50655882232387
62.913362556911025
55.098736604715356
66.48067055907073
58.96212170945141
69.43807410969673
61.69686206685735
56.38788963528374
45.91708153688822
65.99308122475288
57.04863870452701
71.80011506958898
62.81433469972932
75.20416936092626
67.13816683010296
77.21746911284978
69.9279115003054
59.14633663275632
48.487114990419414
66.84661767096894
59.01587862455134
71.43146129042432
63.43419917691957
74.15401531739117
66.9124230668203
76.26245324113002
68.9176137692557
57.49632043927819
47.057205943805016
66.48121723505965
58.279805056983555
71.85944719459474
63.599638692700246
75.12844084261936
67.52803333971791
77.08902094082568
70.33005473140015
57.50189060572486
46.87413915899188
67.04091857598793
58.175568976696646
72.32588834066654
63.85545042514374
75.78943014294516
68.27594565654572
77.79399848728748
70.97395162970862
56.20971640365562
47.38086686080392
62.10659081687253
56.721547476486144
65.20449592834544
60.3236581589654
66.66577182085747
62.62138380253097
67.70773072438243
64.151291300066
41.80140398183389
35.166795469588905
46.29431146613224
41.05275818834213
49.914383284187494
43.77467807440472
52.254701497732036
45.822708992335194
54.39675979065931
47.810240266731405
52.84388404086031
44.09430329634206
59.45176645113427
53.95773448393144
62.74645858873262
57.93007686954107
64.66841398415124
60.497421484607194
66.25470126456653
62.20447849874321
56.5133654503988
47.23232165093493
62.67157845706299
56.63384544373532
66.03474031322322
60.510186958297105
67.41588068754609
62.91987119050601
68.05104670960084
64.57581159552834
41.826268505029596
33.91663736988231
47.94336427748369
42.03428499407566
52.59448663085765
45.96603715654361
55.61617843094808
48.74358146291452
58.17766679446842
51.472184161413395
54.705201331613495
45.73602545906987
60.61964659301991
55.04557102459058
64.36137261158434
58.66577852384992
66.04396227542881
60.925292766093676
67.1139843530838
62.744584595047655
53.026045731309246
43.91721158610674
60.20638235351898
53.84732957444247
64.23508171134169
58.32231832223218
65.7437726478308
61.46562329266085
66.88894111954293
63.51569595874154
46.92378863725916
38.40258962279117
53.012997245688176
47.47775583179876
56.94230698898019
50.818927345817976
59.9575666748527
53.766700079851134
62.08745951356913
56.41372816105521
52.95144844602322
43.29525376827691
58.60334951086191
53.187453514295825
61.71876869378963
56.72461784974799
63.28667742700582
58.721572428376355
64.38669257541795
60.16840388289013
60.74910929080226
52.128933844664495
67.33836093186225
61.62944734884916
69.53804420322585
65.96822500399054
70.16032113191248
67.82523918352643
70.8058551965436
68.81963986933572
56.84255134971758
48.64945449591988
63.3919926461657
57.97777049571082
65.73589114238976
62.009491843033324
66.475040929175
64.17984007043131
66.90017128733801
65.3032897709051
59.00892111832228
50.1593036757779
65.80787310952675
59.771973439168505
68.25923364598405
64.02255699414899
68.88495648929847
65.95409408805395
68.88572545212901
67.31528249782204
57.722838752525995
49.16126416004046
65.33977955556874
59.260315424175516
68.37247921653702
64.09411228068467
69.51404539379575
66.93958400321584
69.43454299968586
68.45392108821909
53.90361438508102
44.941795405162175
60.49884405533417
54.32109219375276
62.62387864928836
58.371768273367294
62.73537263369073
59.88858050865038
63.21447803308309
60.8506505334121
58.10819105288674
48.969960673022904
64.60813298760894
59.16534058569063
66.17815018393844
63.521891823433265
66.80835532542926
65.20728946112297
67.08531938861444
66.07638351555272
56.90888237768219
48.21104007691211
63.58797505083851
57.758849205400175
65.86308576398498
61.88263670999052
66.51711707657495
63.85365066023097
66.29131780192678
64.62449340506421
55.69098239757273
47.18117492640837
63.6622757717404
56.9874689882542
66.60715862304694
61.95602488038219
68.13825535068045
64.66681991294459
69.50079867586109
66.16509360499023
58.78911294054926
50.03330076153203
65.53375044582185
59.71550709795588
66.99170540260755
64.04803946646057
67.65578331997928
65.82450246403755
67.45996707534653
66.31043245377859
59.9208137370741
52.2474644519461
66.39026648605983
61.170633473269234
69.4807895576808
64.66731415088982
72.04845465320224
67.09234657514011
73.41508064966192
69.29329652985312
57.4171092728301
49.54305736124791
63.99745641318057
58.62765285591556
67.64588926883984
62.228556730774365
70.27607461475694
64.87017342001226
72.14315339445261
67.46849899085672
56.91518869599721
49.477476646430354
63.17447448820239
58.08018925401923
66.65312025012456
61.58127815831234
69.63407445714405
64.4296327033225
71.59665507164765
66.76073629654438
57.758091668387564
49.737450714626995
64.55884850886267
59.2558276838238
67.77393694564266
62.91949035946218
70.2499012208771
65.58086420056897
71.58214753882706
67.92487421514032
56.89386444384169
48.943327900059685
64.16121641942738
58.31764514890509
68.12403902769329
62.206298888078116
71.01091003368788
65.10469550154487
72.36088101826572
67.87413017171544
54.66851981861861
46.972342009574554
60.44464636853149
55.8898910487467
64.12452414196244
59.147985864341734
67.02801017728555
61.78290044794399
68.63990411966249
64.51378102225459
50.65632445138264
43.058562272216726
57.4751690734286
52.232451501648406
60.41125939763068
55.953017685401576
62.539797204082205
58.23472328370325
63.484314789770146
60.219834972332976
53.47930645621022
45.472343146424166
59.70191504126985
54.69937264315301
63.44724800876285
58.24687898390868
66.12542706066844
61.00829843278495
67.8337620209106
63.24517424153839
56.09514563866214
48.30440403892493
62.59764661016507
57.87861620191309
66.13285697785815
61.00286735880967
69.41151632850404
63.7912727327555
70.84287431595894
66.62828071191113
47.816692967391674
41.08302011265885
54.23271221508714
48.595430927063155
57.16758403609307
53.06716562893023
59.95658851837922
55.35902269926885
62.1281384873074
56.99251362392042
37.429579585606966
31.585265221739945
43.68446742395376
38.223665920181624
46.167476075356994
42.61612059286944
49.10607232295665
44.672520711728616
52.034354056362034
46.14157032242492
44.80759016201379
37.74779690196311
51.632859822213625
45.97242135949649
54.99941905602817
50.28196836274906
57.26202220436334
52.79006153975454
59.84195263111458
54.32435704707852
37.9661169613409
32.20371231942176
44.351993134142106
39.08905165507532
47.56012317380015
43.52390347464482
50.630627233279604
45.84696199774145
53.16310615678478
47.54876613157894
46.38825558065699
39.51774983459917
53.46678259325823
47.35800741293201
56.5639050936433
52.18006406896818
59.424278508921006
54.74437385084943
61.87092885579386
56.607775858154575
41.875056318541624
35.944363410583435
48.558949926023345
43.31281022876456
52.08452397285874
48.21045148574083
55.40512611105666
50.96375770467863
58.28426943297267
52.9631912804564
44.3556535468871
37.48688192784348
51.27693104993318
45.26784736162439
54.33743731763063
50.06673045325759
57.339752637447795
52.278794032204615
59.836158110312645
53.796003287286645
47.05712053696419
40.22886838119724
53.903932991171466
47.845647586465475
56.95199759485514
52.662846134823546
60.23136009573105
55.37462605201506
62.981915195799175
57.15778760843821
46.56281038482104
39.341467706453045
53.337256675505664
47.2659241598134
56.16257267227456
51.99974321508132
58.45180544405192
54.64946511652875
61.22631279133777
56.3526499497363
56.53598917200806
47.10170560336036
63.48417422089816
56.88564743850036
65.3210730075688
60.826060534732605
66.07189426442504
62.58145029211657
66.60343128661435
63.15128533758716
56.22789726254741
46.5441955754494
63.01706806310816
56.4722156821294
64.56311443583236
60.555469516399455
64.77236428165985
62.37065296071598
64.41260316053354
62.63180254597165
54.26464762582648
44.83505077150647
61.43479443575879
54.53629554734189
62.92479216361569
58.73101416990201
64.06871496546704
60.34574508362227
64.49161317013841
61.157184409202614
54.943049896250486
45.33955891844451
62.6222335445872
56.2164829835144
64.0377608784441
60.53760859467501
64.98520447635453
61.52726564334849
65.26405284286017
61.992101249839
55.56981116210986
46.01573885405428
61.48653604209431
55.27098353742795
62.9172260696512
58.538682990563
63.065839021442784
60.226508587402414
62.497708458779535
60.222747302257915
48.57960996404902
39.7931971797042
55.49470883936358
48.46751349091441
57.26524518811517
52.219593685039655
57.863957904901966
53.67392595965836
58.19396402894829
53.79261464091529
52.938778868233015
43.296525350284085
60.89032542497013
53.85289823962056
62.9128602210604
58.45573643450035
64.09069843449554
60.5963245242203
63.728092006009796
61.6459694879713
50.14433602361652
40.84420199713696
56.55783399089793
48.83967631369459
59.55862027615508
52.58190822739368
60.654536562906245
55.38937060940723
61.103947429943325
56.1260686023898
47.96823783109188
38.75752048094307
56.155321199578246
48.14581560643356
58.16931736876718
52.31080903545375
60.07651985697458
54.045831209083964
60.85603599293998
55.77153442650757
32.25501781525529
28.37956557969865
35.94700334539518
33.2240827934394
36.92109654961757
35.72249478714653
35.51172630961458
37.81641661789439
33.730514963049544
37.0529537352148
15.355553235737618
12.733970701892527
19.752144575000653
16.579799193536072
23.37843540735506
18.975005705914327
24.79849114039355
22.843107948071996
25.955873666068108
24.79998297703274
28.764368575730458
25.744026567532828
-447.9917280654882
-5635.593104045709
-6330.341241622391
-14831.139747444933
-3753.166625930543
-47677.79022100392
-4201.074514690732
-61791.71040151026
22.29771515877994
20.517588160412792
23.40153791003996
20.5880398588423
24.966072159343998
20.89157057498019
22.96375362562817
22.458855207127726
19.017201315171295
19.574793433623906
29.2449390533258
26.885687994810226
32.53615732494332
29.913362334813364
34.57490271163325
32.645424454207664
35.35712041497854
35.187518371353036
35.251739136167416
35.71702315503477
28.380087067303073
24.169225987712895
32.60991786652272
29.16078429362988
36.06623940271485
31.867558192221658
35.86969061519647
34.66437682291462
33.82485797996042
34.34656246028499
26.325446375537688
23.599105955921516
-461.05295214989155
-4798.557596780352
-1294.9404478189956
-16820.587855018493
-1953.6435997651465
-41426.945553139565
-2249.4973584203867
-39632.20937076285
27.63705159078429
25.00475138685324
33.1342623188734
29.17104314590886
35.72240133575087
33.044249135354654
35.729748236147564
36.17550125943693
36.210008120820284
36.176926294113244
26.880301518258154
24.61841834948081
30.27710995433307
27.687363598136383
34.45450484738745
29.77056530648334
33.908077224530395
32.46579492365211
34.14728505171599
32.06955334318441
52.09305494559597
44.000378131621645
59.72636175214896
52.73436758354861
63.22645785020242
57.505629919561144
65.35036621355302
59.92470326050772
66.66521228041087
61.36714894876973
46.08095105908343
38.30462011141434
52.87373740184327
45.8771345184676
56.32811836820595
50.11765484321498
58.532058922367945
52.47613089750086
59.9056322611403
54.047914570451304
49.757786143334926
41.952975173929666
57.181873996338005
50.39907001676555
60.76694303225996
55.05176121759092
62.79332834251343
57.71917452823785
63.99065676916146
59.25674253776199
49.75026953901236
41.72287505384208
57.89308810239668
50.350807054147694
61.97335656026945
55.59584478447404
64.42565166308194
58.38152130550749
66.06368017832979
60.12874500270333
50.597155410785476
42.42902380613748
58.33763559484426
51.36212776033305
61.653886115314585
56.26174469636496
63.85847121583272
58.65741639539137
65.10394246330704
60.05822466691271
49.81426367907132
41.69926730029133
57.305924729107346
50.44336706614438
61.23780222987403
55.06870823269098
63.773285614547646
57.64032783191193
65.4844123405299
59.461731079212335
50.11415351149011
41.84331569341613
57.66110079282758
50.35816123063685
61.30694888402225
55.17539614556666
63.66761209761407
57.66573306006948
65.16621847627322
59.64146510260304
50.82523870719751
41.98652594207917
58.50109195083662
51.243728027389764
62.3959589233873
56.01030049623702
64.8873290944227
58.88110284700403
66.32909186880906
60.75193629597735
47.980691483624405
40.06018262237403
56.48334395926573
48.54235452522374
60.75111763864165
53.8820483834221
63.38226353111389
56.642572487754705
64.70464947609946
58.6641680809955
52.00159244684131
44.83123055370096
58.71029124158929
52.53673809393804
62.27346174456735
56.86269232048235
64.36701611227406
59.238783904121384
65.73793342292666
60.97748829158975
-97.16253306175714
-3451.2316932439467
-859.9734392505288
-4244.11150359315
-1684.0629312170918
-25726.404536062517
-2609.33743376732
-26389.41821728798
-2282.758190534529
-52777.025472107
51.00940258486055
43.233175192710085
58.796357043339306
51.55029828953914
62.60689022439103
56.494444288401354
64.54545037148378
59.1699163435393
65.81353351924342
60.998021030611206
48.867647902575996
41.40944457051744
55.98952075883881
49.07600067539926
59.71071929817098
53.453681124035604
61.97993261160855
55.94752859103407
63.505300190822744
57.79165344929565
50.4200482341644
42.63496220847473
57.925126157253025
50.72248798998531
61.43580880906758
55.36170383511687
63.296235680235554
57.922641919546734
64.65165092822822
59.58422636928496
48.84402987721169
40.926321213157934
56.617510043277704
49.53541456476353
61.0010170276611
54.22056665462216
63.48865107584481
57.20807971714139
64.95425286300816
59.32032103994362
49.528832921057095
41.926109062307795
56.5926342424671
49.99720711069854
60.18671418162338
54.51898446984467
62.38582738029624
57.26576662236158
63.617983179509764
58.951995281854394
48.508216907813726
41.63493318796394
54.551139283860486
48.64363144846534
57.59290578615982
52.41168455730053
59.75986673847651
54.312388147437304
61.51346554362556
55.857279278705704
44.034354074903625
36.00390860442319
51.930935686134205
44.48966283409923
56.04987101615379
49.11130929581666
58.06897525258995
51.78889248021197
59.78398998196517
53.871180619298165
63.98125961794143
56.41969494683834
69.53767483765627
63.79376286715264
72.77750577888841
66.79444431223025
74.50913471782596
68.77968545817811
75.34356612503422
70.16331627159742
63.705906666539015
56.24494062599591
68.84546978691397
63.43847499505601
71.91172047091861
66.1380636170356
73.5922665969875
67.93519423520924
74.40006330448128
69.17555443586053
59.3063499811296
51.71545054764296
64.51705780613214
58.5719919571446
67.85870817713113
61.16453891869662
69.84283678796248
63.031294897475455
70.69752111691979
64.13624352084206
62.890037440335746
55.291291193715495
68.29096964538527
62.37996243947037
71.31170422976953
65.29071096380052
72.92414172663587
67.23761698652244
73.66246056928618
68.3681720733224
57.185730541423695
49.33891814425644
63.67752041100954
57.36107106051227
67.66366062055553
61.06572980346851
69.88082131622075
63.603218075679116
71.22239360441628
65.58604657754263
63.304114870260264
55.59428541000582
68.95432035614016
63.18220296903914
72.29136905957266
66.34431252045412
74.22064621390288
68.31142386690988
75.17023474593123
69.75621195344603
56.62434669725806
48.657785899819295
62.99176172983134
56.65460662112416
66.86978903257015
60.21443362895182
69.31294922889039
62.1839435710448
70.56942383732613
63.588248800582335
52.58710395847699
44.846196359928605
58.3026627582681
52.75923729778613
61.33731502580035
55.93884755055088
62.79286441715756
57.7181005783272
63.57611624273639
58.99530703150382
62.57658631762403
54.71443373305522
68.45459556648919
62.36759078791208
71.72412291834192
65.66125675420811
73.6674626977292
67.73451797841406
74.5991522208678
69.13729573282218
60.03752471991276
53.454222146782925
64.50485195839015
60.487355760461156
66.0677224471723
62.870995981269
67.54950131296307
63.82102682149565
68.10800880161369
64.58926617682268
58.70603455822491
51.428750484492916
64.10875189753071
59.181151426462286
65.75498018177993
62.036884377656534
67.21533367802141
63.185661310192955
67.69082977330103
63.87974933907445
43.31992307619
36.74585223472716
49.12093530127093
44.13916842577294
51.938690542636515
47.36480436743435
54.15861369715251
49.31029094339326
55.46981711871395
51.0907416519135
58.402361084453005
51.02938146811095
63.77781780347283
59.053953957743055
65.75481891555981
61.95195449486266
67.54372503434485
63.36044296421195
68.26443848721327
64.11220155883048
57.98737471382187
50.63391359935048
63.34095433875617
58.45453450350948
65.30771459435452
61.298224071855536
67.14781821183804
62.48608081399845
67.89455602911825
63.40638115287178
47.168935061674034
41.08412279215894
51.62299009160143
47.032567769700286
53.752845574574934
49.27317097756697
55.0525828461643
50.33834111823959
55.561252737646846
51.131375074438814
54.99422749422873
48.06183715699096
60.088782288127994
55.409880992198644
61.9770704025896
58.1096933548807
62.92938714885048
59.257355916595635
63.56100675152121
60.0656653226902
55.240035791051156
48.37001360219513
60.315848148886666
55.9020915897858
61.61356915296658
58.4069642708407
63.0269728624805
59.30344337401472
63.49803310162093
60.140939386390954
53.22292799810977
46.11482550728745
58.64450702368072
53.57342328742054
60.301691091915224
56.49524013861746
61.98861348076912
57.644003284593026
62.81853051293136
58.41537960466279
66.06894012072031
59.33427072502895
72.56088504611873
67.17978105065454
75.0394994688357
70.81833112945958
76.00405656532176
73.00487778704486
76.83987505618617
74.08713822050137
65.6816887659338
58.80961498039963
72.03150485682929
66.81644894867503
74.29436898643125
70.31191270202666
75.3702907231358
72.39368241980316
76.37146518660688
73.43391441932708
64.86719113638719
57.98236459517453
71.53609396266272
66.02693574539819
74.12665659461726
69.83827518128818
75.10582459061754
72.0396827179876
75.83713364448488
73.14218590017325
65.62972818139133
58.55369411534221
72.15937800777374
66.61495207806689
74.48598645935651
70.15302598388811
75.31813051173783
72.15602856131456
76.3980075998575
73.13465617292746
45.191115588588126
40.026386993158155
51.3558708330169
46.56791407982338
54.10101511411158
50.11848149414586
55.496387414655345
52.60362647855822
56.433925419792644
53.69726953706673
65.1504456508338
57.98677453620398
71.98407658221424
66.34906441488518
74.31949735620387
70.23677188717636
75.02004547837706
72.4470535572542
75.72213566635462
73.48433618542201
64.81266604394051
57.62704873411175
71.91889954164165
66.02080100695258
74.52890371425734
70.00030658012506
75.56329397601529
72.32457378334074
76.09281287896856
73.4150172548909
59.1656394431612
52.566121625937335
64.56131716355988
59.76970504223134
66.32967985359133
62.75915190281738
67.42731719008049
64.16975511476596
68.77622589418257
64.97609560018162
62.16990897590385
54.95246670003837
69.73485858052351
63.41200365784142
72.8284667976294
67.8129134114531
74.03572850631026
70.42478493393301
75.20381457624381
71.72227719835806
-68.56041325049331
-863.499039876313
-119.32052623218152
-1908.1276670903187
-649.126065562489
-5664.577728560638
-570.292439718446
-8537.709842527465
-1528.6190466888695
-14296.893187808499
-218.12174031421537
-1047.9130719463403
-167.98430458502818
-3617.4981012580183
-792.5225708430725
-6309.839655511471
-1806.5825905535312
-12124.2501947239
-1569.9834368181205
-29669.19321274512
-118.9489000533745
-1198.880286027253
-227.8123970474447
-3162.619165615335
-769.2916198052773
-12421.696863497957
-890.8691963628822
-20749.629968229165
-1061.4603278959696
-26114.125540973015
-50.24650745321959
-693.1321497046341
-607.0215154148563
-3323.2209065115762
-579.8760629587582
-9060.692193582885
-822.5452427656114
-11639.352478395856
-839.4097728299737
-18681.37651848487
-77.38825468439161
-1067.6679763509019
-249.4791806835874
-2460.0144396262012
-696.3613388477389
-10316.317882768722
-648.701454727661
-10329.356711355322
-1530.185986733967
-13937.073963226001
-17.48263613205159
-1102.6992156736364
-274.978447453486
-3889.1121028530647
-426.3165375865141
-7365.880596929783
-836.9102482732922
-7882.082505679685
-1078.2903324725867
-22167.68457715453
-190.876540844604
-2258.977836581837
-486.4306573608073
-4688.672210619184
-1262.6501463911134
-9578.716759541281
-1823.8156211155306
-19208.996847695267
-3780.931085948239
-27624.39844002514
59.37122104982133
52.72239466944937
65.31621276814373
60.99688967842825
68.39218049256931
64.37519347302425
70.24845688111256
66.68628445587863
71.01178318168144
67.97876514244845
-66.6835320714078
-1212.1538351212248
-481.5799365023428
-4787.960072483966
-852.5933979348335
-15351.826315269438
-3210.5231498798084
-16896.761823274777
-5194.957864693445
-30773.863676409273
52.70033830809111
46.683025991368034
59.50601209546846
54.125647585959236
62.73486977225564
58.28267586871334
64.81307751749182
60.85838542860308
65.6462613495301
62.69733443049178
51.75616788654502
45.55619879180841
59.13782191529031
53.15155947147667
62.94905274510146
57.51870676776674
64.93764106464482
60.725374054832336
65.0019682998929
62.60347834927828
52.67242441745981
46.46753323269759
59.528487516227145
53.81733780519099
63.06330720369965
57.9812171807746
65.30697359026497
60.870532745921516
65.89158223983766
62.97286848368482
52.93309695556203
46.432214566786975
60.129652419809986
54.06767580898069
63.586379601346856
58.50324187005975
65.18943935367645
61.37764044258077
65.39930334320002
63.23158502643766
50.683599811123074
44.34811159510046
58.355913080829595
52.17871817827158
62.37565664716801
56.89987561955965
64.54453745848639
60.01375422098365
64.70330832423818
62.14241097324007
52.04850183042345
45.340318018521565
58.986656521514114
53.38911534925616
62.52199259155068
57.53697779796898
64.0137934488899
60.499501483999495
64.11730176590116
62.25435965529337
49.371159266249464
43.11467711705762
56.67155308741827
50.95005489949702
60.63897975702533
55.57910030118216
62.557565463352404
58.766840339210404
63.16018824639429
60.827777211092105
50.16008301222126
43.732521557384864
57.11241666345575
51.46933456984017
60.6178093892678
55.74981183406841
62.497137183751114
58.60533553178584
62.867299756998996
60.4475736721148
51.31164534044525
44.07806187381903
59.28279074294531
52.864156318011624
62.90307815559738
57.72121959394201
64.07065416994703
60.7321878728279
63.8021878468524
62.6936474896648
56.4089310596967
51.130525709978194
62.81978456158151
57.40072333115176
64.8978743285997
61.40090709785121
65.30602650020518
62.52113980463987
65.62829543009113
63.000710739599185
54.05395486217597
49.169588167586255
60.57831785582331
55.04481699169281
62.75915960555272
58.89453676796534
63.06187763907089
60.16529742896489
63.20455281611246
60.743018566498705
53.53777209690922
48.37030256075091
59.55755751800857
54.29169545131568
61.86189191196617
57.89086575852088
63.132732369795065
59.272205319669055
63.96804724270301
60.07625030264725
54.14175753564351
49.11416495407407
60.28172597973995
54.975173311458455
62.438359998007
58.88757387479595
63.35270985447864
60.16248438548835
63.92465851326177
60.73182556592478
45.42966523550345
40.380569903825716
51.39879399212444
45.433047261435725
53.71936290113645
49.070449422133656
53.898032653416614
50.0362493824512
53.917744805915866
50.56409855539308
51.392202527387745
45.660997770724855
59.555541209679006
52.94594171153653
62.434031991906444
57.562602379717454
63.458968666728175
59.13173852496505
63.929228750704056
59.76537345554951
55.52172475264881
49.97677411156172
61.50605002538535
56.06391718601671
63.55989404367559
59.592801030563216
64.08078446396233
60.84544989872249
64.49715568197212
61.60656605599228
48.6750230131235
43.74888316303765
55.17309428757411
49.31835994124918
57.99875914378107
53.240886558180755
59.45648345598833
54.7728234241543
60.7372506492522
55.947552425897484
53.19713711386829
47.86641877313896
59.71979751616783
53.98798869019199
62.05352594294262
58.03264966993829
62.7538917942418
59.3991577400336
62.49007347447913
59.78042361874605
60.46818022561544
54.13549113019959
66.87487808892001
61.56951147736554
69.72441050762998
64.79439970623339
71.80668450543078
66.75926810618269
73.65122895353122
68.11102076529669
58.79541946088105
52.69753636393493
65.45843606517612
59.874380857551834
68.39495227763193
63.239731460132695
70.30314934064408
65.36450498296576
71.29121733478398
67.0680416379375
58.18010978796255
51.07705454395368
65.62560317695183
59.31140367701209
68.96649341856558
63.31908280562111
71.07252957735551
65.71925059301047
72.82873876100788
67.48127252543512
48.71938111020581
42.221267195829405
55.93965521892213
49.75450406044156
59.59541663796672
53.696637782025135
62.550273908878495
56.04088539745442
64.72015607446531
58.38006257378839
57.550593503346484
51.283208012998884
64.35423238022993
58.48434582316977
67.26678908109636
61.91754909986342
68.9603086659134
63.94201017594001
70.51659280542555
65.38663048085854
57.89742824315254
51.361679671654855
64.44436645050169
58.597682888403945
67.32061442790737
61.85432650739807
69.36461785447689
64.01410398980161
70.95278835652294
65.67892358269705
58.09740816366492
51.3335464782778
64.47824781554054
58.84894541428265
67.83435516698049
62.18245302233929
69.88594462883435
64.33684655579142
71.14088733483892
65.88300561591016
54.98827760707312
48.29378909287154
61.88977971720979
55.93890777454392
65.05630340837682
59.43504275205793
67.57576443789044
61.64527688565451
69.19145026025396
63.3218400018533
58.30840932280572
51.818904084130544
64.76083882208985
59.53519475751518
67.08211382730528
62.80115540029523
69.03606647586909
64.77079025249431
70.24344702659829
66.06437207818567
63.72991896293123
56.710253815615076
68.9606411819912
64.54923259066534
71.2491367878221
67.16369403998206
73.17838636805318
68.74805932286783
74.12114311648415
70.09213188369641
57.59896430620306
50.165840377529605
62.916311566794136
58.465091186379546
65.42267756646719
61.151331472862715
67.17055977758821
63.05604179441786
67.8399124482714
64.45543867316425
61.28234693102803
54.332744079387595
66.28998786439564
62.037807319415485
68.55557005483404
64.54573620118454
70.75048482980719
66.119577767673
71.90739385707003
67.54530795920539
61.763523717763526
54.455618572574885
67.2046399954437
62.51204243673661
69.63092543508006
65.20804993760379
71.4872976608028
67.04756984853913
72.37672802941434
68.34270677952274
58.15377690262855
50.58068794569648
64.57470831413804
59.12283829900594
67.38024696022515
62.43217041649789
69.59945691544837
64.53552745743033
70.57745044212633
66.11041796759987
61.62033729929538
54.27733855582058
66.64733191094344
62.24489533147985
68.67076614268743
64.81186745619665
70.30299378895653
66.22418413273823
71.05903443129174
67.12951405964482
61.256272211589845
53.903671619024564
67.38539598414617
61.9968559154153
70.261469909853
65.29178698656281
72.16122781930243
67.34418855606252
73.31181232990798
68.9446737842354
58.98560076195375
52.09275201484287
64.47641087156795
59.86755062270891
66.66681884377283
62.7323320812887
68.00232969715083
64.44575429689783
68.60353776188953
65.57701174394501
55.610756189568086
48.472950413456275
60.797706543655906
56.336202879606255
63.25258897775519
59.02476034921855
65.18188005265162
60.84961767993643
66.01414622323476
62.30217211163427
63.47808489630463
58.03105559703818
67.22961493418026
63.63864969981522
69.28855506531694
65.8754317729039
70.60144718810174
67.50186921534521
71.40401577557051
69.04970694922864
48.562786201256394
43.29582497966883
52.095280846142636
48.223190351421096
53.83836133305926
49.902197263989635
54.82380262514239
51.15901320585306
54.89410366194206
52.415465162933295
63.36543100138776
57.51636888121345
67.98863140843729
63.688909269525325
70.15243659078442
66.39384380740469
71.26903783233796
68.07125831529905
71.96970180563041
69.59390836632791
38.141418981028096
34.10765006691414
41.35177161153272
38.10064779867207
43.26074335851001
39.9949324248808
44.6531168199137
41.5231814322256
45.18170494018364
42.92889881493915
62.96574376281227
56.95307836276133
66.96981893491669
63.25459097109991
68.91208142570225
65.5614936432384
70.01290574619479
67.15624315506918
70.47279372757048
68.63639468403476
60.70977886510245
55.02402470417286
64.84688891000809
60.86867396432686
67.0451013613688
63.26776378672492
68.48555835088973
65.092804106291
69.37349218947558
66.7111357697072
64.51438562407851
57.785022394698736
68.59248661242438
64.6690007223017
70.26004497305502
66.99401596544425
71.65886761607125
68.40411689351302
72.18563941858905
69.67551754349005
60.127675110186644
54.13241331716308
63.923418117783605
60.192117620842936
66.30989381500115
62.18638876129392
67.97186344078392
63.95526693177944
68.79917709905135
65.77491423142729
60.65763157497138
55.05137208216604
64.47382891811982
61.222847399262946
66.51494000006065
63.46847436699336
67.99560515914206
64.83049959671338
68.91976160049788
66.49093469091139
22.922184482065035
17.116620946130556
29.975272604269687
22.914565971795632
34.693134965406294
26.47501268489786
38.05257874881233
29.517615363493665
41.00051159465681
31.85825533090544
23.069057691451288
17.26612553700444
29.966781737905436
23.196823075032057
34.34429400924228
26.893129011275896
37.60319401120057
29.754483995378866
40.26585743700382
31.914577298595283
22.571299776191765
16.89490757749429
29.557270909241506
22.74612594308294
34.08427440202338
26.338668611411087
37.2306140997978
29.236379251635203
39.839557203018
31.38894477464197
21.679321930375806
16.083107788971105
28.402007266177066
21.683251933244296
32.82159142728012
25.084048888668185
36.03173365037438
28.032646521216332
38.87720611791604
30.21588060594562
19.34235841361165
14.176918493966873
25.287122883874
19.243492073332213
29.50717478436643
22.24841143969103
32.47288212481805
24.989386874851927
35.18744910104752
26.960434548784306
21.148753307770296
15.606456623046238
27.729133089740255
21.106728424710376
32.07017273584631
24.502591072380252
35.460471416786156
27.49811766093988
38.30949146510172
29.6536059011399
21.516337331153213
16.00371023530608
28.09184449939638
21.676005567573764
32.38995367490054
25.13157126711272
35.68618788003093
28.043298067423706
38.44491239775943
30.260419253463077
18.02439440882391
12.93501940855225
24.055950103232426
18.14422850302969
28.43929478768896
21.372677043578435
31.496079007036727
24.332833145162745
34.47606446098631
26.609256881412925
20.91489235475744
15.607263964954898
27.853128231944847
21.298748380579823
32.75653958947191
24.764095085494287
36.15407747236247
27.842234990227766
38.88251742245332
30.18932361538259
38.75129954164523
29.77261077078712
47.61155789991533
39.00217052383734
52.45773795071109
43.931334165074375
55.64886214330384
47.32561105439848
58.209441805511666
49.68139971049587
36.14743158147081
27.35370125120977
44.99669815164587
36.377305625346935
50.1417471154582
41.26521776883221
53.611804431118124
44.74862934589745
56.34730777275647
47.2110093345683
37.400669039926356
28.436043442254288
46.50768684380061
37.51778985546529
51.63532160949348
42.47962075084121
54.940172974869526
46.054129017590675
57.34409254878297
48.51480396654052
36.96432817316604
28.16504098542104
45.602927421149644
37.063857958160455
50.47774910012801
41.83143110140144
53.810704586716106
45.26043877429141
56.44445336906816
47.54314826206273
36.87980812331831
27.8753231945282
45.68939493106539
36.82177796424304
50.41464211277278
41.704186000574865
53.373840964442444
45.203912824507086
55.66918795161395
47.53881254055722
35.21482933431677
26.77109917827164
43.825722760345464
35.32802226649352
49.06287058572332
39.962860745551495
52.6473835283136
43.40755568623319
55.209172584131494
45.98512920581715
35.99246787370001
26.9510605570883
45.1876068321781
36.17132965897352
50.24587408184894
41.22184472010459
53.64393584668954
44.82699609120946
56.25753080300662
47.08697957883431
36.034952208534
27.086860205262585
44.746628275533375
36.08413356810514
49.52507498657316
40.93483584704818
52.684713627086396
44.399641308308944
55.09280964183557
46.867429032351346
34.13447468812547
25.683045086314472
43.05044296009029
34.19365276874123
48.48983325533979
39.01533457567696
52.18752410553071
42.86415520400817
54.85661475270452
45.43841620335031
44.82965004815435
36.62966564997245
52.31661617234339
45.22823340646889
56.739932783647504
49.23922314273385
59.34520942345745
51.96932849829581
61.17851702155398
54.02224543559676
42.233495058475945
34.080986308774456
49.95304932219901
42.6796653075576
54.45411482420766
46.898347066889954
57.14449885737712
49.738263463490796
59.05034046663755
51.87246176001567
43.92323924051359
35.47813256625473
51.828997630439865
44.47121780688541
56.43599950449658
48.75145795706754
59.020263003092886
51.55351936605368
60.629565047470024
53.86464305631512
42.914684591895
34.614115425101076
50.462328573479645
43.0495097851682
54.80866052616216
47.0181353932432
57.26409203122
49.75913075289095
58.794357275986876
51.81693572295516
41.28196580463124
33.57383826976002
48.58196771339178
41.66923973514406
53.023003534943555
45.579137775103376
55.58792883246488
48.169795781055804
57.50752286106013
50.361409827492864
40.06256165009127
32.158468225007155
47.71727054016787
40.42968599953007
52.38883032750385
44.443556384082825
55.21694885358195
47.348791368018475
57.15205828111889
49.56053488330285
41.92380908158424
33.599118306426426
49.74963839742409
42.27277913176914
54.391454157677146
46.45839743626253
57.119635658231985
49.390162921313475
59.01323592435539
51.72286386004979
42.331352940234126
33.9458273432731
49.977116096794774
42.76198428458932
54.34520139626131
46.92304422278889
56.67658457999381
49.542950786890714
58.282003347045965
51.53387127716813
42.68219213664187
34.302756278281855
50.59499367580077
43.13146834418594
55.157517563472304
47.30805247009461
58.02899698022287
50.206945226221464
59.99125784907724
52.4934011806788
